  1       11.6703    4.8993    4.6710    0.8749    0.0086    0.4843    0.4623        LEU7
  2       -7.3344   11.0946    1.0710   -0.9411   -0.0250    0.3371    0.5539       ASP13
  3       -0.5960   13.7810   16.2190   -0.3504   -0.1352    0.9268    1.5419        VAL2
  4        5.9014   14.2330   -0.8316    0.9875    0.1137   -0.1088    1.5107       LEU23
  5       -5.3960   15.1894   10.9146   -0.8514    0.5186   -0.0785    1.3286       GLU19
  6        6.6040   13.6364   10.0676    0.1864    0.9398    0.2865    1.3316        CYS3
  7       -1.7960   16.0885   14.2710   -0.3574    0.8389    0.4104    0.9934        VAL2
  8        9.0040    9.0943    5.0097    0.2210    0.8140   -0.5372    0.6682        ILE6
  9        1.9373   15.4330  -10.7957   -0.6818   -0.0074   -0.7315    0.3170       GLU24
  10       8.6437    1.8727    2.2710    0.1478   -0.8863   -0.4389    0.5122        LEU7
  11       5.4040   11.3025   -3.1985    0.8357    0.5140   -0.1933   -1.1919       LEU23
  12       9.2679    3.1691   -1.3290    0.5091   -0.8350    0.2091    1.1745       TYR27
  13       0.0902    0.3468   -8.5290    0.7655   -0.2170   -0.6058   -1.1641       LYS11
  14      10.2059   11.8829   11.8650    0.1585   -0.3665    0.9168    1.0758        ARG5
  15       5.4302   12.9007   -4.6247    0.4060    0.3974    0.8229    0.9630       HIS25
  16      12.1087    8.2330    7.5663    0.9678    0.0457   -0.2474    1.0547        ARG5
  17       7.1012    9.4330   -9.2318    0.0969   -0.4917   -0.8653    0.5037       HIS25
  18       3.4869   16.1501   -6.1290    0.1477    0.6696    0.7279   -1.4512       GLU24
  19       5.0133    5.8269   -6.9109    0.0329   -0.7821   -0.6223   -0.9860       HIS25
  20       7.3131    1.0330   -5.4199    0.2850    0.2245   -0.9319    0.3735        GLU9
  21      -5.3960    2.4903   -3.7290    0.1723   -0.9033   -0.3929    0.7906       LYS12
  22      11.4040    7.5951    1.7089    0.4292    0.8871    0.1702    0.7165        LEU7
  23       3.0040   18.2390    4.2650    0.2733    0.7465   -0.6067   -0.4044        ARG1
  24       7.8040   11.4127    7.0710   -0.1324    0.6751   -0.7257    1.4522        ARG5
  25      -2.9261    3.3202   -8.4862   -0.3432    0.3761   -0.8607   -0.3519       LYS11
  26      -6.2993   10.6330   -2.2323   -0.6322    0.0580   -0.7726   -0.5510       ASP13
  27      -2.9960   10.1400   -3.2360   -0.3992    0.2585   -0.8797   -1.4171       CYS22
  28       4.2040    6.1231   11.8710    0.0907   -0.9501    0.2984    1.5275        PRO4
  29      -2.9960    8.5015   -5.8605    0.0684    0.9518   -0.2989    0.9519       LYS11
  30       9.5802    8.8092   -1.3290    0.7388    0.6466    0.1899    0.4441       TYR27
  31      -7.9647    7.0645   -0.2587   -0.6517    0.6872   -0.3209    0.4678       SER14
  32       4.2040    0.2228   -0.5188   -0.2095   -0.8185    0.5350    1.1367        GLU9
  33       6.6310    1.5261    1.5673    0.2652   -0.9620   -0.0652    1.4109        GLU9
  34      -1.7862    5.6983   -7.2443    0.1879    0.4185   -0.8886    0.9886       LYS11
  35      -1.7960    0.5106   -9.2066   -0.0628   -0.2017   -0.9774    0.7227       LYS11
  36       3.1794   16.7305   -1.2268    0.3536    0.9341    0.0496    0.7095       LEU23
  37       4.2040    2.6002   -4.5618   -0.3628    0.0132   -0.9318    0.2696        GLU9
  38       9.0584    9.2915   -4.7187    0.3857    0.8377   -0.3866   -0.2970       TYR27
  39       9.6970    2.7400    1.0710   -0.0519   -0.9062   -0.4197   -0.6521        LEU7
  40       9.9138    3.4330    6.7808    0.8349   -0.5410    0.1010    1.1219        ILE6
  41       2.9998   14.5764   13.5944    0.8194    0.3190    0.4763    0.8257        VAL2
  42      -4.1851    5.0336   -6.6383   -0.6080    0.0396   -0.7930   -0.2321       LYS11
  43       3.3530   15.4330    7.0710    0.8496    0.4379    0.2940   -1.1314        ARG1
  44       0.5795    1.8369   -2.1993   -0.1661   -0.9780   -0.1265    1.6772       CYS10
  45      -3.7518   10.6330    4.2268   -0.9788    0.0695    0.1925    1.4826       CYS20
  46       3.0040    5.8330    5.1700    0.3430    0.7745    0.5315    1.0629        MET8
  47      -0.0475    2.2330   -8.5290    0.5435    0.2461   -0.8025   -0.2183       LYS11
  48      -1.0703   -1.8413   -6.1290    0.2485   -0.9661    0.0704   -0.3272       LYS11
  49      -5.3960    1.6991    1.0710   -0.7693   -0.4645    0.4388   -0.8835       ASP15
  50       0.9105   15.4330   -7.6355   -0.9273    0.3708   -0.0500   -1.0497       GLU24
  51       2.5431    7.0330    7.0710    0.9586    0.0099   -0.2846    1.7444       LEU17
  52      -1.7153    9.4272   13.0085   -0.1764   -0.0788    0.9812   -2.1637       ALA18
  53       3.0189    7.0568   -7.3255   -0.4656   -0.4284   -0.7744    0.4481       GLY26
  54      -0.5308    5.2671   11.2155   -0.4813   -0.1134    0.8692   -0.4818       LEU17
  55      -0.5960    7.6898   -5.5858    0.3253    0.6416   -0.6946    1.2940       LYS11
  56      -3.5937   17.2306   11.8710   -0.5603    0.8230    0.0935   -0.4358       GLU19
  57      12.9253   14.5543   10.6710    0.9924   -0.1169    0.0395   -0.4364        ARG5
  58       4.5095   15.7600    1.0864    0.4766    0.8678    0.1407    1.0774       LEU23
  59       6.6040   -1.0047   -5.7667    0.1210   -0.5329   -0.8375   -0.3675        GLU9
  60      -0.5960    0.3193   -4.4427    0.4833   -0.0345    0.8748   -0.7504       LYS11
  61       3.7757   15.4330   -3.3007    0.4727    0.6548   -0.5898    1.5953       LEU23
  62       0.8923   12.1359   -8.5112   -0.8946   -0.0930   -0.4372    0.4434       GLU24
  63       7.8093    8.1986    3.5376    0.0731    0.8129   -0.5778    8.0435        ILE6
  64      -2.6879    6.0809   10.7289   -0.4946   -0.7201    0.4867    0.4288       ALA18
  65      -6.2410    9.0780    3.4710   -0.5011    0.5092    0.6997   -0.9187       ASP13
  66      -4.1960   11.8330   -2.7487   -0.2324    0.2499   -0.9400    1.3359       ASP13
  67      -3.9979   -0.0940   -6.1414   -0.9400   -0.3126    0.1365   -1.4035       LYS11
  68       4.4832    4.6088   -5.2306    0.2417   -0.6388   -0.7305    0.4565       GLY26
  69      12.5713   16.6063   10.6546    0.8193    0.5688    0.0724    0.3432        ARG5
  70       5.3551    1.8379    5.6201    0.2392   -0.9685   -0.0693    0.7221        MET8
  71       3.8371    1.2481    3.3700    0.1442   -0.9875   -0.0638   -0.5221        MET8
  72       6.6033   -1.2885   -1.3934   -0.0349   -0.6994    0.7139   -0.7923        GLU9
  73      12.1164   11.8330   10.1834    0.9099   -0.3464    0.2281    0.7770        ARG5
  74      -0.5960   19.0330    5.1665   -0.1315    0.8494   -0.5110   -0.3232        ARG1
  75       9.3643   17.8330    8.6313   -0.0538    0.7743   -0.6305    1.8330        ARG5
  76      11.4029    6.0230   -3.2096    0.9150    0.2955    0.2745   -0.4009       TYR27
  77      13.4654    4.6488    0.0588    0.9052   -0.0227   -0.4244    2.1582        LEU7
  78      11.3353    6.7272    4.4267    0.7723    0.5728    0.2749    1.2760        LEU7
  79      -4.8097    9.4330   -3.1153   -0.1837    0.6266   -0.7574   -0.5831       ASP13
  80       3.5800   18.4090   -9.7290   -0.0176    0.9151   -0.4028    0.8931       GLU24
  81       2.2865   13.0359   16.0442    0.6307    0.0148    0.7759    0.6587        VAL2
  82       9.6222   13.6512   -6.1290    0.8316    0.2339    0.5037    1.4401       HIS25
  83       0.5969   10.5381   -6.1393   -0.8005   -0.3775   -0.4655    0.5615       LEU23
  84       9.1328    8.1455    1.0450   -0.2024    0.9766   -0.0728    1.1485        LEU7
  85       8.7765   18.2154   10.8924   -0.3756    0.8409    0.3897   -0.3615        ARG5
  86      -1.1888    3.4330   10.0782   -0.8294   -0.2815    0.4824    0.4501       LEU17
  87      -0.5637   15.3765   -0.1157   -0.4250    0.6317   -0.6484    4.7459       VAL21
  88       6.6066   10.1812   12.6104    0.4091    0.2146    0.8869    0.4107        PRO4
  89      10.2040   15.9392    7.5772    0.1593    0.1194   -0.9800    2.2392        ARG5
  90       9.0040   14.8188   12.4568   -0.4339    0.0035    0.9009    0.9443        ARG5
  91       7.8040   17.2045    9.4710   -0.9089    0.3775   -0.1773    6.8714        ARG5
  92      -7.7848    8.2222    2.2721   -0.7222    0.6771    0.1416   -0.8090       SER14
  93      -4.3536   15.0607   14.0746   -0.3892    0.4138    0.8230    7.6002       GLU19
  94       4.9084   16.6330  -11.4246    0.1598    0.4272   -0.8899    0.7474       GLU24
  95      11.4615   13.6522   12.5372    0.2992   -0.4272    0.8532   -0.2531        ARG5
  96      -0.6149   17.4923    3.7757   -0.3472    0.4446   -0.8257    1.5255        ARG1
  97       5.0044   17.8330   -7.7286    0.5297    0.6856    0.4994   -0.3920       GLU24
  98      -6.5727   13.0564   -1.5961   -0.7161    0.3616   -0.5971   -0.2920       ASP13
  99       0.6001    7.9097   12.1811    0.0554   -0.5777    0.8144   -1.2213       ALA18
  100      7.9583   13.0330   11.7167   -0.6054   -0.0152    0.7958   -0.3284        ARG5
  101     -1.7960   -1.3670   -8.0512   -0.0707   -0.5999   -0.7969   -1.1963       LYS11
  102     11.2296    5.9153   -1.3001    0.8682    0.2884   -0.4037   -0.5640        LEU7
  103      4.2663    1.2649    1.2431   -0.0814   -0.9797    0.1834    1.3241        GLU9
  104     -4.7950    7.0388   -6.7864   -0.6551    0.0952   -0.7495   -0.8614       LYS11
  105     -7.7581    2.1203   -3.9392   -0.1276   -0.7428   -0.6573   -0.0317       LYS12
  106     -5.2319    8.0123   -4.8116   -0.5601    0.5896   -0.5819    1.1983       LYS11
  107      3.8949    2.5421    9.4710    0.5998   -0.7817    0.1709   -1.4954       LEU17
  108     -6.5410    8.1988   -3.3489   -0.5654    0.6966   -0.4417   -0.2786       LYS12
  109     -0.0865    2.7425    7.0710   -0.3900   -0.8272   -0.4046    0.7021       LEU17
  110      3.3421    1.0330   -3.7290   -0.9473   -0.1898   -0.2580   -0.4481        GLU9
  111      4.2215   14.1712   11.7902    0.6372    0.5453    0.5446    0.7876        CYS3
  112      4.1951   -0.6153   -2.1485   -0.5899   -0.6781    0.4384    0.2112        GLU9
  113     -6.9692    6.1686    4.6693   -0.4987    0.2407    0.8327    5.8469       SER14
  114     11.2755    3.4263   -3.7057    0.8053   -0.5849    0.0972   -1.0984       TYR27
  115     -6.7555    1.2701   -2.4632    0.1210   -0.9615   -0.2468    0.4523       LYS12
  116      7.3792    2.2330   -0.1290    0.9506   -0.2145    0.2243   -0.2206        GLU9
  117     11.4039    3.4316   -0.6089    0.0660   -0.8040   -0.5909   -0.2783        LEU7
  118     -0.5996   15.9794   16.1390   -0.2313    0.6461    0.7273    0.7318        VAL2
  119     -2.3787    4.6330    8.8537   -0.8032   -0.5225    0.2863    0.4310       LEU17
  120      1.8040    9.4330   12.7807   -0.0724   -0.1758    0.9818    1.4535        PRO4
  121      3.0060    3.1744   11.1645    0.3075   -0.6588    0.6866    0.7219       LEU17
  122     -9.0440    3.4352   -4.0160   -0.7758   -0.0866   -0.6250    0.6151       LYS12
  123      4.2040   10.6330   -9.7931    0.0885   -0.2733   -0.9579    1.9511       GLU24
  124     -5.2859   11.9387    9.4602   -0.9892   -0.0952   -0.1110    1.4884       GLU19
  125     -9.7957    3.4330   -1.3290   -0.9511   -0.0601    0.3029    1.2191       LYS12
  126     -2.5322    1.4304    2.2988    0.0173   -0.9871    0.1591    0.3839       ASP15
  127     11.8278   16.6330   12.2948    0.5346    0.3210    0.7817    0.8023        ARG5
  128     -0.4582   11.9081   15.3835   -0.5127   -0.5901    0.6237    3.1602        VAL2
  129     -4.1428   10.7105   11.6930   -0.6961   -0.4499    0.5595    0.7870       GLU19
  130      6.6040    8.2330   12.4844    0.6714   -0.3710    0.6415    2.4174        PRO4
  131      1.2530   19.0281    5.1634    0.1762    0.8780   -0.4451   -0.6505        ARG1
  132      1.2639    2.1160    1.0689   -0.5098   -0.5966    0.6197   -0.3731        GLU9
  133      0.6040   19.9928    8.2710    0.1187    0.9858   -0.1192    0.6080        ARG1
  134      8.2803   15.4330    7.5473   -0.5631    0.0776   -0.8227   -0.4197        ARG5
  135      8.8326   -1.1956   -3.7290    0.6761   -0.6883   -0.2628   -0.4847        GLU9
  136      1.7922   16.5292   -2.3831   -0.1129    0.8492   -0.5159    0.8093       LEU23
  137      5.3427   13.0970   -2.3664    0.9608   -0.0253   -0.2762    0.2263       LEU23
  138      4.1666   16.6083    4.7009    0.7938    0.6074   -0.0300    1.2353        ARG1
  139      7.7348   10.0683   -1.9013    0.3928    0.9179    0.0568    1.4305       TYR27
  140      1.6911    9.3305   -7.3485   -0.7801   -0.5325   -0.3285   -0.6103       GLU24
  141      8.9861   15.4016   -8.5352    0.6614    0.7167   -0.2211    1.2630       HIS25
  142      4.7066    8.2330    6.3736   -0.6213   -0.1236   -0.7738   -0.5174        PRO4
  143      9.1288    9.1544   11.4435    0.2995   -0.2592    0.9182   -0.3738        ARG5
  144     -4.1942   13.0319    3.3622   -0.9055   -0.1592    0.3933    1.6857       VAL21
  145     -4.1800   11.2859   13.5716   -0.2023   -0.7220    0.6617   -3.0960       GLU19
  146      2.9263   17.8080    6.9430    0.7516    0.4703    0.4625   -0.3958        ARG1
  147     -9.0700    1.9971   -2.5210   -0.7524   -0.6323   -0.1846   -1.3980       LYS12
  148      6.1457   10.6330    6.3293    0.3083    0.3446   -0.8867    1.5223        PRO4
  149     -3.5310    6.3272    8.2852   -0.9290   -0.3355    0.1562   -0.4099       CYS16
  150      6.4004   13.0330    2.2710    0.9706    0.2327   -0.0610   -0.8117       GLY29
  151     12.1256    2.6365    1.0735    0.4373   -0.8993   -0.0112    0.4971        LEU7
  152     -4.0920    8.3182    7.2355   -0.7073   -0.3348   -0.6226    0.9362       ALA18
  153      0.0942    5.8279   -6.6552    0.4268    0.3885   -0.8166   -0.3235       CYS10
  154     -0.1279    4.1649   -7.3290    0.6276    0.3363   -0.7022   -0.3206       LYS11
  155      4.2072    8.2282   -8.5362   -0.2498   -0.5370   -0.8058    0.5538       HIS25
  156     10.0363    7.0330   -5.9613    0.4251    0.2408   -0.8725    3.0520       TYR27
  157     -5.5597   14.5918   -0.1386   -0.2898    0.9562   -0.0415    1.0536       ASP13
  158     -0.2203   13.0333   -5.7543   -0.9202    0.1830   -0.3461   -0.2651       GLU24
  159      4.8980   14.9270    9.4710    0.6130    0.7854   -0.0864    1.0236        CYS3
  160      8.6683    2.2330   -4.5933    0.5197   -0.1560   -0.8400    0.5873       TYR27
  161      0.9521   15.0849   -4.9290   -0.6281    0.7777    0.0257    0.5264       GLU24
  162      3.0061   18.1587   10.6710    0.8564    0.5031   -0.1165   -0.2458        ARG1
  163     -7.7718    6.9979   -2.5401   -0.7978    0.5966   -0.0867    0.4553       LYS12
  164      1.4540   17.4830    3.4710   -0.0910    0.5724   -0.8149    0.4568        ARG1
  165      8.8626   10.7897   -9.4958    0.6600   -0.5498   -0.5120    1.0089       HIS25
  166      6.6040   11.2755    0.4285    0.7460    0.5067   -0.4321    0.4773       CYS28
  167      9.5274    0.3564   -2.5290    0.9785    0.1002    0.1800   -0.5100        GLU9
  168     -1.8219   19.4644    7.8466   -0.5284    0.8484   -0.0321    0.4790        ARG1
  169     -2.7275   15.4017    6.1537   -0.9379    0.2471   -0.2435    1.0359       GLU19
  170     -1.4004   10.6330   -4.5334   -0.6188    0.0286   -0.7850   -0.7888       CYS22
  171      7.8158    7.0514   10.6649    0.1779   -0.5608    0.8086    0.8576        ARG5
  172      7.8481    1.5413    4.9719    0.0586   -0.9983   -0.0016    0.4352        LEU7
  173     -4.6367   14.2330    7.8303   -0.7592    0.2177   -0.6133    2.7729       GLU19
  174      3.0035   16.5907    9.4718    0.8001    0.2434   -0.5482    0.8282        ARG1
  175      5.4040   16.0840   -6.6780    0.4585    0.4645    0.7577   -0.3365       GLU24
  176     -2.9984   -0.5706   -4.5329   -0.3180   -0.3832    0.8672    0.5460       LYS11
  177      1.7839   17.7679   13.0245    0.1954    0.3489    0.9166    1.8254        ARG1
  178      6.9904    8.4117    1.1537    0.8615    0.1998    0.4669   -0.1951       CYS28
  179      6.4661   15.4816  -10.8930    0.6020    0.2338   -0.7635    0.4704       GLU24
  180      1.9114    1.2549    5.7990   -0.3727   -0.9034    0.2118    0.7881        MET8
  181      4.2349   -0.1727   -4.9097   -0.7111   -0.2972   -0.6372    0.6584        GLU9
  182     -0.4023    1.9690    2.2763    0.4844   -0.8678   -0.1107   -1.5172       ASP15
  183      0.1998   19.0330   12.6668    0.0049    0.5367    0.8438   -0.9101        ARG1
  184      5.4040   13.0330  -10.4755   -0.2014   -0.3405   -0.9184    1.0181       HIS25
  185     -8.9960    5.3532   -1.3290   -0.6727    0.7380   -0.0533    0.1807       LYS12
  186     -9.5282    4.6482    0.5962   -0.9888    0.0467   -0.1419    0.8954       SER14
  187     11.2512    6.9722    9.2518    0.7495   -0.4500    0.4856    2.9003        ARG5
  188     -5.2370    9.4330    8.2710   -0.9899   -0.0939   -0.1060    1.2069       ALA18
  189     -3.5162    1.5532   -8.5290   -0.7333    0.0051   -0.6799    0.7094       LYS11
  190     -6.5999    3.4274   -4.9320   -0.0267   -0.3753   -0.9265    1.0342       LYS12
  191     -8.6092    4.9418    3.4556   -0.7301   -0.2365    0.6411    1.0663       SER14
  192     11.4071   11.8365    8.0622    0.7611    0.0718   -0.6446    7.7378        ARG5
  193     -4.2171   14.1058   -1.2437    0.1456    0.8461   -0.5127    0.9934       ASP13
  194     -5.0783    1.0676   -1.1443   -0.4093   -0.8756   -0.2566    2.1965       ASP15
  195      6.4046    2.6670   -4.9770   -0.0693    0.5583   -0.8268    1.2495        GLU9
  196     -0.5447    2.3063    4.6591    0.0209   -0.8890    0.4574   -0.4185       ASP15
  197      5.8627    4.6305   10.2303   -0.2699   -0.0802    0.9595    1.9029        ILE6
  198     -7.3748    9.0118   -0.1290   -0.9593    0.1332   -0.2490    0.5003       ASP13
  199      6.3060    9.4330    4.3730    0.6064   -0.0913    0.7899    0.8338       CYS28
  200      0.5249    2.2937   -4.9261    0.7272   -0.6844    0.0523    1.4962       LYS11
  201      0.6040   20.2330   11.1138    0.2088    0.9152    0.3448    0.7564        ARG1
  202     -4.2107    4.6169    5.8824   -0.5181   -0.4426    0.7319    0.6646       CYS16
  203      8.3123    2.8790    9.4926    0.6135   -0.2653    0.7438    0.5960        ILE6
  204     -2.3387   19.0892   10.0866   -0.8452    0.5344    0.0039    1.7361        ARG1
  205      9.0040   13.0330    7.2670   -0.0514    0.1229   -0.9911   -0.2382        ARG5
  206      7.9831    4.6330   -5.9499   -0.3932   -0.2452   -0.8862   -0.8213       TYR27
  207     11.0256   14.2330    7.4494    0.5004   -0.0019   -0.8658    1.4369        ARG5
  208      3.0881    8.2034    5.0606    0.4996   -0.5950    0.6296    1.3716       CYS28
  209      7.7959    5.0432   10.2498    0.2176   -0.2070    0.9538   -1.3703        ILE6
  210      7.8040   13.0330  -11.1627    0.1854    0.0332   -0.9821   -0.7270       HIS25
  211     -2.9960    0.6601   -0.9561    0.1737   -0.9842   -0.0335    1.1564       ASP15
  212      0.5116    2.2878   10.5399   -0.1537   -0.7339    0.6617   -0.6357       LEU17
  213      5.4040   14.2330    5.3695    0.8378    0.1926    0.5109    0.5346       GLY29
  214      4.2040    1.6651    7.6389   -0.3097   -0.8811    0.3573    0.5485        MET8
