  1        5.0660   25.5044    9.0936   -0.8038    0.1394   -0.5784    3.4584      LYS222
  2       20.9462   -5.4384   26.7570    0.7936    0.1147    0.5975   -1.1815      ILE242
  3        3.8660    2.3865   29.4805    0.4072    0.2301    0.8839    5.0075       SER93
  4       17.0660    1.1233   22.2173    0.4125    0.0959    0.9059    1.8244       ILE47
  5       20.2534  -10.8354   30.2460    0.8470   -0.5246    0.0859   14.5574      ALA243
  6        6.2660   26.6644   15.3584   -0.0001    0.7754    0.6315    1.8905      ASN223
  7        1.4618   11.1529   15.0438   -0.6397    0.6910   -0.3368    1.5561       LEU99
  8       11.0925   30.1877   15.1674   -0.0987    0.9927   -0.0691    1.0725      LEU185
  9       28.4801    7.3379   15.8460    0.9439    0.3214    0.0758    3.8499       TYR29
  10      11.0660   20.8543   28.7483    0.3477    0.0853    0.9337    1.6973      ASP165
  11      18.7924  -13.6480   10.5196    0.6013   -0.7625   -0.2389    0.6432       SER84
  12      24.2660   -3.4059   -6.3119    0.1211   -0.7454   -0.6555    0.8708       ASN74
  13      13.4660  -10.6833    6.8107   -0.0877   -0.8295   -0.5516    0.8110       GLY62
  14       7.2927   -4.2754   24.3090   -0.4207   -0.3625    0.8316    0.2817       VAL90
  15      12.2660   25.3305    4.4675   -0.2761    0.5694   -0.7743    0.9203      ALA221
  16      18.2660   24.4596   20.3536    0.0679    0.9947   -0.0772   -1.0322      ILE162
  17      17.0660   -1.9948    2.9928    0.4906    0.8578   -0.1532    0.9145       ASN34
  18       8.6595   15.6224   28.3090    0.2537    0.8649    0.4331    1.1074      SER178
  19      28.5889   15.1718   26.2180    0.5900    0.1837    0.7862    0.5842      SER202
  20      15.8660   15.5547   -6.1567   -0.0322    0.2700   -0.9623    0.6620      SER150
  21      12.2660   18.9979   27.6001    0.6884   -0.5104    0.5154    1.3262      ASP165
  22      36.2660    2.2572    6.5512    0.3556    0.8980    0.2590    2.1516      ARG117
  23      27.8613   19.2416    6.9603    0.4130    0.9098    0.0403   -1.2054       TYR20
  24      11.0660   28.0462   19.1402    0.5489    0.7065    0.4468    1.4715      SER167
  25      17.0660  -15.4285   22.4655    0.0344   -0.9986    0.0390    4.6907      LYS107
  26       6.5853   34.0327    8.6460   -0.8560    0.5161   -0.0315   -3.3724      LYS222
  27      19.3864  -17.1132   13.5166    0.2443   -0.9427   -0.2272   -0.5010      LYS109
  28       0.0294    9.1520   25.2094   -0.9873    0.0934    0.1286   -0.8694      ASN100
  29      19.1190   13.0990   -2.1540    0.7918   -0.3767   -0.4808    0.4776      THR144
  30      25.0468    3.1520   27.4268    0.4714   -0.5888    0.6566    1.6026      LEU123
  31      32.6660    3.7410    2.0350    0.5160   -0.5170   -0.6830    2.9428       ALA24
  32      24.2660  -10.7974    8.6460    0.6763   -0.7363   -0.0212    2.1007       ILE83
  33      13.9193    1.2053   23.0460    0.2103   -0.9776   -0.0075    0.3852       ILE47
  34      14.6629    1.0801   35.8629    0.0144   -0.4334    0.9011    0.7830      SER236
  35      10.7874   10.6306   11.0460   -0.0929    0.4638   -0.8810   -0.4951      VAL213
  36      24.0029  -10.0480    4.1091    0.6783   -0.6274   -0.3825   -3.3108       PHE82
  37      18.2660   15.9218   -4.9842    0.7199   -0.2394   -0.6515    1.3854      LYS145
  38      27.3769  -12.4480   14.1569    0.6214   -0.6992   -0.3536    0.3821      ALA111
  39       1.4660   13.0964   20.9904   -0.7918   -0.5876   -0.1668    1.0960      GLN175
  40      -3.3340   11.1157   15.0823   -0.3078    0.5832   -0.7517    0.7371       ASN97
  41      12.2660   14.1424   30.0556   -0.0619   -0.1792    0.9819    1.3530      LYS230
  42       2.6660    1.4343   14.6460   -0.4360   -0.3399   -0.8333    0.1715       TYR94
  43       7.4660   26.1769   27.6211   -0.5447   -0.0571    0.8367   -0.5559      SER166
  44      12.8545   16.3520   24.8575    0.1984    0.5404    0.8176    1.1050      PHE181
  45       3.0363   26.3223   15.8460   -0.2331    0.6415   -0.7309    0.9563      SER170
  46       2.6660   -8.5029   14.3009   -0.7807   -0.4628    0.4199    0.7273       TYR59
  47       7.4660   19.4496   23.7436    0.5009    0.2887    0.8159    5.1466      ASP165
  48       4.2853   15.5713    6.2460   -0.5846   -0.7559   -0.2946    1.3921      GLY219
  49      25.8251  -13.2889   13.4460    0.3520   -0.6105   -0.7095   -2.8442      ALA111
  50      24.8902   17.5520   24.8702    0.5424    0.2444    0.8038    0.7770      THR134
  51      28.1181   11.5219   12.6048    0.9325   -0.2433   -0.2670    1.8916      LEU137
  52      12.2508  -14.7010   24.1911   -0.1952   -0.6324    0.7497    0.5514       LYS87
  53      30.2660    7.3971   14.0009    0.3547    0.2305    0.9061    0.8677       THR26
  54       6.6987   -3.6153   27.8460   -0.0901   -0.8894    0.4482    0.4648       PRO92
  55       5.4346   -7.6492    6.5702   -0.5471    0.1177   -0.8288    0.9820       SER61
  56       7.7899   24.4281    2.6460   -0.0107    0.7864   -0.6176   -0.4436      GLN221
  57      28.3697   12.7520   20.1423    0.5236    0.2727   -0.8072   20.4283      GLY203
  58       5.0660  -10.9670   11.9650   -0.0652   -0.6436    0.7626   10.7500       SER61
  59      20.6660   25.2439   25.9379    0.2305    0.8676    0.4407    0.5401      ALA132
  60      31.8799  -10.0480   10.6321    0.6543   -0.0603   -0.7538    3.6678      SER113
  61      -3.9870   17.5520   21.2990   -0.9594   -0.2812   -0.0231    1.2204      GLY174
  62      33.1441    3.1520   10.5679    0.9095    0.3431    0.2345   -1.9592       ASN25
  63       9.8685   14.7661   11.8403    0.7186   -0.0687   -0.6920    2.2548      TRP215
  64      28.2920   21.1958   14.2642    0.7367    0.5989   -0.3141    1.7510      GLN135
  65      12.2650   -7.5264   -0.8361    0.1630   -0.8778   -0.4504   -1.4133       GLY38
  66       6.2660   28.9086   18.8894    0.2516    0.7941   -0.5533   -0.5492      SER170
  67       8.4320   13.9520   10.0800    0.5845   -0.1452   -0.7983    1.1755      GLY216
  68      14.6660  -14.4384   27.4364    0.0715   -0.9504    0.3026    3.1618      ASN245
  69      25.4660   15.9715   26.2655   -0.3490    0.5086    0.7871    3.4683      SER202
  70      21.8660   -3.2699   -3.7759   -0.4347   -0.8703    0.2315   -1.3215       ASN74
  71      -0.5008    3.1520   25.8792   -0.9602    0.1972    0.1979   -0.4477       SER93
  72      20.6502   -7.6101   26.6352    0.9220   -0.3500    0.1655   -0.7789      ILE242
  73      -0.9340   19.2364   23.7616    0.1821   -0.0015    0.9833    2.6164      GLY174
  74      17.1433   25.3644   24.7826   -0.1429    0.9874   -0.0684   -1.1873      ALA132
  75      21.8660   -4.8818   13.8122   -0.4897   -0.4321   -0.7573    5.5130       ILE83
  76       7.6990   22.1618   -4.1436   -0.4196    0.4074   -0.8111   -2.5373      SER147
  77      15.8660   16.9122   12.2460    0.2829    0.8601    0.4245   -0.9917      SER190
  78      32.6660   -4.9029    7.1009    0.3238   -0.5156    0.7933   -0.5731       ASN79
  79       6.7985   -0.9805   29.0460   -0.1838    0.2738    0.9441    1.9802       PRO92
  80      24.2660    5.7236   33.6744    0.0910   -0.7274    0.6802    0.5522      THR125
  81       7.2157  -11.3121    7.1494   -0.2266   -0.5536   -0.8014    1.8671       GLY62
  82      -2.1340    9.4352   22.7628   -0.3292    0.0021    0.9442    0.5584       THR98
  83       8.6558   -6.8555    1.0545   -0.5795   -0.7324   -0.3573    2.2613       SER37
  84      26.6660    0.4226    9.5166   -0.0162    0.7872    0.6165   -0.4126       GLY69
  85       3.8660   -6.8486    9.0466   -0.8756    0.2752   -0.3970    1.0929       SER61
  86      18.2660   27.5239   12.2460    0.0199    0.9996   -0.0189    0.8445      TYR184
  87      -3.3296   17.8718   19.4522   -0.8525   -0.3271   -0.4078    0.5722      GLY174
  88      11.0660   30.0270   17.0460    0.0400    0.9028    0.4283    0.3818      LEU185
  89      14.6660  -17.9315   11.7295   -0.3543   -0.9292    0.1051   -2.0343      LYS109
  90      28.4717   -1.0537   -6.9540    0.7030   -0.3523   -0.6178   -1.2126       VAL75
  91      10.4319   -7.6480   26.6460   -0.9651    0.0214    0.2610    0.9264      ASN245
  92      18.4895  -13.4245    8.6460    0.2847   -0.8439   -0.4547   -0.8032       SER84
  93       5.8961   26.7821   25.4460   -0.8376    0.2219    0.4992    0.9619      SER166
  94      19.4660   11.4035   -3.2055    0.1149    0.6777   -0.7263    0.4452      PRO152
  95       2.6660   26.4885   22.5095   -0.5695    0.2446    0.7848    1.1912      SER170
  96      13.5255   -1.6963   15.8612    0.0216    0.9547   -0.2968    0.5642       SER88
  97      26.6782   -8.0790   -3.7643   -0.1471   -0.7736   -0.6164   -0.6134       VAL76
  98      33.5128   -5.2480   17.8928    0.6637    0.1464    0.7335    1.8020      LEU114
  99      31.4660  -12.0228   11.4712    0.3191   -0.7441   -0.5869    0.6387      SER113
  100     13.8701  -10.0480   33.4419   -0.2850   -0.0925    0.9540   40.0619      SER244
  101      7.4314   12.2380   18.2335   -0.1395   -0.9171    0.3736   79.3903      MET180
  102     33.3476    9.1520   10.5276    0.6701    0.3850    0.6346   87.1578       THR26
  103     26.6660   -2.8480   22.4364    0.6299   -0.4422    0.6385   -0.0155      SER120
  104      5.0660   20.5648   29.6588    0.2137    0.2630    0.9408    0.9647      LYS169
  105     15.8483   32.9522    7.6908   -0.2006    0.8681   -0.4540    0.7369      GLU186
  106     28.5719   -8.8480   18.9519    0.8943   -0.4104    0.1784   -0.9759       SER49
  107     -3.2966   18.7493   23.0196   -0.6779   -0.0435    0.7339    1.7573      GLY174
  108      8.0247   17.5520    3.2047   -0.4853   -0.3865   -0.7843   -1.1061      CYS220
  109     13.0403  -13.6480   11.0460   -0.8972   -0.2341   -0.3745    1.1754       ALA85
  110      7.4660   -8.4504   21.4484   -0.6257   -0.6979    0.3484    0.4415       SER88
  111     13.0724    6.7520   31.8396    0.1086   -0.0726    0.9914    1.8651      ASN233
  112     11.0660   -9.7560   14.3540   -0.7497   -0.0596   -0.6591   10.6201       SER88
  113     12.2660   -9.1808    5.3788    0.2397   -0.3808   -0.8930    0.3856       GLY62
  114     13.4660    6.0102   -1.4122    0.0038   -0.9957    0.0925   -0.3170      TYR151
  115      4.9984    6.8239   10.8929   -0.7607    0.5257   -0.3807    1.3672       HIS57
  116     12.0561   16.1421   -5.7540    0.2573    0.6972   -0.6691    0.6144      THR149
  117     17.5505   22.3520   28.5615   -0.4727    0.4717    0.7444   -0.8506      ALA132
  118     10.4952   -9.4188   11.0460    0.0225   -0.4443    0.8956    0.7788       ILE63
  119     15.0314   21.1520   25.0806   -0.6820   -0.6642    0.3061   -1.3088      ALA132
  120     21.3812  -10.7632    2.6460    0.0213   -0.9433   -0.3313    0.1569       PHE82
  121     10.0160    8.7880    8.6805   -0.5780    0.6543   -0.4876   -0.3853      SER195
  122     23.8117    8.6977   -3.3540    0.4798    0.7817   -0.3983   -1.1772      ASP153
  123     17.4095    5.2085   17.0460   -0.9048    0.2458    0.3476    0.9664       GLY43
  124     17.0660   -4.0480   13.5519   -0.1109   -0.0296   -0.9934    0.4204       ALA85
  125     21.6011   17.5520   28.7811    0.8426    0.0336    0.5375   -1.8041      SER130
  126      9.3158   16.3520   -6.3042   -0.2435    0.0152   -0.9698    0.3249      GLY148
  127     30.3468    3.0472   -3.2405    0.3457    0.5754   -0.7412    0.7884       GLU77
  128     34.9617    0.5436    3.9467   -0.0193    0.6496   -0.7601    1.0429      ARG117
  129     12.2660   18.0541   -5.0561    0.3194    0.2085   -0.9244   -0.3706      SER147
  130     -0.1823   23.5520   15.3977   -0.6282    0.0886   -0.7730    1.1715      PRO173
  131     28.8898    0.7520   21.6698    0.6000    0.0123    0.7999   -1.0634      SER120
  132     16.8259    1.9520   34.8059    0.8268   -0.0255    0.5620   -0.3283      SER236
  133     28.7164  -11.2480   16.6964    0.5279   -0.6658    0.5273    0.9028      ALA112
  134      6.7037   17.5520   -1.3917   -0.8408   -0.2274    0.4913   -0.8907      GLY148
  135     36.2644   -5.1849   12.2453    0.9258   -0.3494   -0.1444   -1.0061      ASN115
  136     24.1544    0.5527    7.5207    0.2071    0.9546    0.2142    1.1257       GLU70
  137     29.3925   -0.4480    1.7725    0.1439    0.0918    0.9853    0.9993       GLU77
  138     22.8568   23.5521    7.6287    0.8888   -0.1279   -0.4401    9.4858      LYS188
  139     23.2583   12.7129   29.9956    0.7144    0.2170   -0.6652   -1.4675      SER127
  140     24.8144   22.9004   21.8460    0.9043    0.4267    0.0127   -1.6469      GLY133
  141     12.4800  -13.6480   26.4320   -0.6029   -0.7725    0.1994   -3.0255      ASN245
  142     13.4660   -6.0939   34.6919    0.4745   -0.3563    0.8050   -2.1166      GLN240
  143      8.9832   -5.0675   31.3200   -0.9798    0.1077   -0.1687    0.5864      GLN240
  144     24.6958   10.3456   -1.6987   -0.0483    0.1672   -0.9847    0.2825      VAL154
  145     18.2660    4.7033    7.7973   -0.4454    0.8455   -0.2945   -0.4292       GLY43
  146     24.6114   18.7520    7.4460   -0.7275    0.6314    0.2685    3.3714       TYR20
  147     18.3275  -12.4902   29.1088    0.5012   -0.8232   -0.2667    1.1287      ALA243
  148     24.4410   15.1108    1.5023   -0.4092    0.5912   -0.6950    1.2889      LYS156
  149      6.2660   -8.5771   15.5751    0.1952   -0.7791    0.5957   -0.4004       TYR59
  150      2.6638    8.3185   12.6682   -0.1861   -0.2861   -0.9399   -2.9992       LEU99
  151     24.7968   21.6828   13.4460    0.2654    0.9216   -0.2833   -3.3024      LYS159
  152     16.2921    4.7781   21.8460   -0.1175   -0.9919   -0.0484    0.3176      LEU123
  153     27.8660   -9.7169    7.1149    0.4411   -0.8867   -0.1387    2.4079       GLN81
  154     11.9397   20.8257   -3.3540    0.7077    0.6351   -0.3096    1.5949      SER147
  155     -3.8749   21.1520   22.3869   -0.8015    0.2067    0.5612    0.6456      GLY174
  156     18.1916  -11.2481   24.2463    0.9605   -0.1168    0.2527    4.5226      ASN245
  157     12.2660   13.9520   -7.5354    0.0673    0.4216   -0.9043    0.3573      THR149
  158     18.8369   -5.2435   32.0691    0.6562   -0.0621    0.7520    2.8048      LYS239
  159     22.4925   -8.8480   22.4725    0.2442   -0.6331    0.7345    1.1424       ASN48
  160     26.0465   15.7715   19.4460    0.9214   -0.2484   -0.2989    1.3131      GLN135
  161      3.6661   -0.4479   29.2460   -0.1266   -0.1786    0.9757    1.1993       PRO92
  162     33.6243    9.1520    6.4877    0.8072    0.3513   -0.4744    0.5563       THR26
  163     11.0660   24.7520   26.9529    0.4669    0.4599    0.7553    0.7347      ASP165
  164     29.7724  -11.2480   10.5524   -0.2049   -0.5081   -0.8365    0.3294      SER113
  165     -2.1340    9.1520   14.1572    0.0527    0.3626   -0.9305   -1.0110       ASN97
  166     23.0660    0.2185   23.5795    0.2291    0.3268    0.9169    1.4277       ILE47
  167     20.6660   -2.8480    0.8703   -0.3971    0.6731   -0.6239    0.9049       ARG66
  168     32.6660   -7.3326    0.5614    0.5061   -0.7529   -0.4206    3.1316       GLY78
  169     30.2660   16.8961   14.1019    0.4473   -0.5297    0.7207    1.6312      LYS159
  170     17.6991   24.1851    3.8460    0.5887    0.5640   -0.5791    0.9043      GLY188
  171     18.8882   29.5520    7.4460    0.7685   -0.5265   -0.3636   -1.9728      GLU186
  172      6.2660    0.1292    7.4460   -0.2775    0.9329    0.2298    2.1652       LYS60
  173      5.0794   -6.3357   16.7420   -0.2443   -0.3125    0.9180    1.7656       TYR59
  174     17.0660   19.0836   11.3776   -0.0056    0.0481    0.9988   -4.2375      LYS188
  175     18.2660  -14.0760   18.2460   -0.3175   -0.8221    0.4726    1.0496      LEU108
  176     19.4660   26.4033    9.8460   -0.3745    0.8214   -0.4302   -0.9313      LYS188
  177     17.0660  -18.0664   12.6276    0.2115   -0.9727    0.0950   -2.7334      LYS109
  178      7.4660   -9.6032   18.2460   -0.7454   -0.6552   -0.1229    0.4597       SER88
  179     15.4218   21.5962    2.6460   -0.2497    0.5975   -0.7620    0.8098       VAL17
  180     30.4531   -2.8292   -4.7523    0.7095    0.1620   -0.6858    1.4667       VAL76
  181     -0.9340   10.3520   14.8617    0.2031    0.2035   -0.9578   -3.8063       ASN97
  182      6.2660    1.4631   29.5349   -0.0774   -0.2892    0.9541   -2.5912       HIS91
  183     -0.5669   15.5191   15.8460   -0.1068   -0.9140   -0.3913    0.3136      GLN175
  184     10.7217    6.7497   -0.9540   -0.3291   -0.9442    0.0107    0.1764      TYR151
  185      1.0938   21.1520   14.2738   -0.9526   -0.2707   -0.138741754.9789      LYS224
  186      0.6681   12.3376   17.0768   -0.1224    0.8109   -0.5722186115.5940       THR98
  187      5.0578   23.5738    8.6405   -0.7309    0.2846   -0.6203125635.9428      LYS224
  188     34.5076    7.9520    8.6460    0.9769   -0.0090    0.2133   -0.5589       THR26
  189     29.0659   19.9638   10.9831    0.0868    0.8003   -0.5932    0.2326      LYS159
  190      6.2830   29.5528   14.6440   -0.5298    0.2439    0.8123    1.4306      ASN223
  191     20.3262    3.1267   21.7253    0.1208   -0.7484    0.6522    1.8058       ILE47
  192     -5.7340    3.6971   17.7009   -0.1534   -0.9745    0.1637   -2.1687       ASN97
  193      7.4660   16.3520   -5.1898   -0.8352   -0.1744   -0.5216   -0.6812      GLY148
  194      6.2729    8.5124   29.6564   -0.1162   -0.4884    0.8648    0.6719      ASN179
  195     24.9931   17.0791   23.0460    0.9855    0.0992   -0.1380   -0.0894      THR134
  196      9.8554    7.3668   -2.7214   -0.4937   -0.7549   -0.4317    1.7713      TYR151
  197      0.4643   13.7537   23.0460   -0.9592    0.0768   -0.2721    0.7174      THR177
  198      5.0818   30.0637   12.9877   -0.8328    0.4032    0.3794   -1.2873      ASN223
  199     30.2434   -3.0970   19.2553    0.2909    0.8618    0.4155   -1.1367      LEU114
  200     17.7017   13.9595   -6.4360    0.5854    0.0879   -0.8060    2.0119      SER150
  201     13.2906  -15.8505   15.8864   -0.2474   -0.9238   -0.2921   -2.1540       SER86
  202     -0.9938   11.6209   21.8949   -0.0050    0.7593    0.6507   -0.7233       THR98
  203     -0.9421    6.7367   13.4070    0.0321    0.0765   -0.9966   -0.2564       SER96
  204     18.0589   32.9999    9.8652    0.5349    0.8338    0.1364    1.8162      GLU186
  205     21.8812  -14.8112   20.5936    0.2356   -0.9323    0.2744   -0.3853       GLN50
  206     23.8795   -1.6480   12.6325    0.9834    0.1702    0.0631    0.8539       GLN30
  207      3.5601   -6.7523   15.8441   -0.6363   -0.0825    0.7670    1.6100       TYR59
  208     19.1537   16.3520   17.9337   -0.8670    0.1959   -0.4582   -3.0246      CYS136
  209     22.8541    0.9639   25.4460    0.6179   -0.7830   -0.0719   -1.6510      LEU123
  210     11.0660  -14.6544   19.6396   -0.1615   -0.8928   -0.4205    1.7088       LYS87
  211     18.5091   -0.2049    0.2460   -0.8588   -0.5050    0.0861    0.4025       ILE73
  212     17.3371    2.0231   -0.7707   -0.8674   -0.3355   -0.3675    5.2254       ILE73
  213     12.9971   23.0831    0.2460    0.6299    0.7314   -0.2612   -0.6602      SER146
  214      8.6660   -9.5429   11.7409    0.3476   -0.2739    0.8967    0.7578       GLY62
  215     18.2660   17.7710    1.2270    0.9087    0.3850   -0.1612    2.0235      THR144
  216      4.4870   25.3310   24.2460   -0.4558    0.4917    0.7419    0.8717      SER166
  217      6.1642    9.0086   21.8742    0.7731    0.6287   -0.0836    1.0740      ASN101
  218     27.8660    8.5278   20.0702    0.5461   -0.1847   -0.8171   -0.8256      GLY203
  219      9.9010   -3.8729   -1.9538   -0.5161   -0.3620   -0.7763    0.8664       TYR39
  220      8.6662   29.0058   23.5966    0.0251    0.9366   -0.3496    0.5365      SER166
  221     30.0756   -6.4480    8.4556    0.9872   -0.1176    0.1078    1.2352       GLN81
  222      0.2660    2.5191   14.6460    0.1002   -0.7950   -0.5982    0.5507       SER96
  223     21.7874   -1.6040   29.1564    0.6390   -0.5894   -0.4943    1.2905      LYS239
  224      8.2416    4.3520    9.4216   -0.2314   -0.1441   -0.9621    0.8441       CYS42
  225     15.8660   22.7972   27.4008   -0.5020    0.0599    0.8628    0.5342      ALA132
  226     14.7805    7.9182   -4.6794   -0.2093   -0.4796   -0.8522    2.1356      TYR151
  227     -1.7751   23.4942   21.7955   -0.2720    0.6353    0.7228    3.4734      PRO173
  228     29.5193   -8.1013    3.8460    0.4229   -0.8982   -0.1202    0.8160       GLU80
  229      7.4660   14.5349    8.0631    0.2830   -0.6820    0.6744    1.1195      GLY219
  230      7.4660   -1.4498   -1.9558   -0.4465   -0.0930   -0.8899    1.1398       TYR39
  231     21.3058  -11.8082    5.0460   -0.1322   -0.8421   -0.5229    4.8088       PHE82
  232     35.8063    0.2923   14.6460    0.3512    0.5281    0.7732    1.7737      SER116
  233     20.0508   -6.4480   29.6308    0.8901    0.4496   -0.0745    0.7713      ALA243
  234     15.4735   30.7520    6.2460   -0.3438    0.1318   -0.9298    1.1784      GLU186
  235      6.2661    2.4168    9.3788   -0.0444    0.2547   -0.9660    1.5218       HIS57
  236     15.8660   -0.4480   13.4972   -0.0262   -0.4206   -0.9069   -0.4056       GLY43
  237     16.1314  -12.4480   31.1806   -0.0628   -0.7845    0.6169   -0.3469      ALA243
  238      8.6619    7.9256    0.2456   -0.7967   -0.5873    0.1425    0.5145      TYR151
  239     18.1164   -2.9602    0.4846    0.1474    0.8422   -0.5187   -0.7902       ARG66
  240     21.4722   16.1653   30.0195    0.7529    0.5083    0.4180    0.7766      CYS128
  241      5.5989   13.9520    5.7131   -0.8763    0.4740   -0.0863   -0.7022      GLN192
  242     34.5472   -7.6480   16.5272    0.6862   -0.3652    0.6290    0.4005      LEU114
  243     21.8563   24.0730   18.6361    0.7236    0.6901    0.0161    2.2901      PRO161
  244      9.7582   -5.3048   34.0398   -0.7151    0.2610    0.6484    1.2473      GLN240
  245      6.5179   19.8708   -3.2125   -0.9196    0.0531   -0.3893    0.2530      SER147
  246     15.8469   23.4993    2.9881   -0.0255    0.2497   -0.9680    0.4127      GLY188
  247      8.6660  -10.0480    5.6678   -0.5150   -0.3589   -0.7785   -0.4307       GLY62
  248     17.8147   -5.2480   -0.9540   -0.2860    0.1307   -0.9493   -1.8662       ARG66
  249     -2.9283    1.1577   15.8460   -0.4071   -0.9064   -0.1131    0.5949       SER96
  250     27.8660   -3.8371   20.6460    0.5349   -0.8145    0.2244    2.3705      SER120
  251     10.2529    5.5583    7.8971   -0.7484    0.2017   -0.6319    0.5760       PHE41
  252      5.2456   21.1520    4.0256   -0.8980   -0.2752   -0.3432   -2.4663      GLN221
  253     32.7003   10.4180    8.6235    0.6247    0.7499    0.2175    0.3455       THR26
  254      6.2660   24.7520   26.2975   -0.5904    0.0276    0.8066    0.4696      SER166
  255     15.8660   -2.3543   33.3523    0.2908   -0.1182    0.9495   -0.3807      SER236
  256      9.8660   -7.2395   30.6545   -0.4827   -0.6202   -0.6183   -0.4365      GLN240
  257      1.4660    5.5520   14.4352    0.0838    0.1763   -0.9808   -0.6051       TYR94
  258      9.1467   19.9520   -5.2733   -0.0714    0.3547   -0.9322   -2.0471      SER147
  259     21.8078   16.3030    2.5820   -0.5212   -0.5171   -0.6789    1.1734       GLY19
  260     17.0707   -8.7903    1.4781   -0.2579   -0.6258   -0.7361   12.9211       ARG66
  261     18.8550    2.5630   23.0460   -0.8384   -0.1265   -0.5301    0.8682      LEU123
  262     27.6391   13.9369   14.4392    0.8689    0.3398    0.3600   -1.1657      LEU137
  263     39.2970    0.0750    6.2608    0.9733    0.1207    0.1954    1.0347      ARG117
  264      7.5668    3.0015   28.9962    0.1971    0.3129    0.9291   -1.0765       HIS91
  265      7.8006   18.7520   -5.4194   -0.5572    0.2256   -0.7991   -0.3153      GLY148
  266     15.2496   26.5789   18.2454    0.3675    0.9298    0.0215    0.5571      LEU163
  267     16.4580    5.5520    7.4460    0.8249    0.1216    0.5521    1.3827       GLY43
  268      6.2660    4.3520   28.1702   -0.1580    0.4993    0.8519    0.4763       HIS91
  269     13.4660   31.7349    8.8631   -0.5093    0.8583   -0.0618   -1.8229      GLU186
  270     30.1079   12.6157   23.0525    0.9778    0.2073   -0.0314    0.6039      SER202
  271     27.4998   15.1797   13.1088    0.7917   -0.2432    0.5604    1.9529      LYS159
  272     13.6092   11.4323   31.2263    0.0290    0.2079    0.9777    0.4434      ASN233
  273     12.7526   22.3520   27.1326    0.6270    0.1939    0.7545   12.0784      ASP165
  274     17.0242    7.0588    8.3557   -0.0026   -0.9631    0.2690    3.4967      GLY140
  275     12.3035   -2.5755   -3.0016   -0.0357    0.0529   -0.9980   -2.0332       TYR39
  276     21.8660   12.1417   34.4563    0.3248   -0.0577    0.9440    1.4424      SER127
  277      6.2660    5.5520    9.3830   -0.4654    0.0465   -0.8839   -0.4790       HIS57
  278     12.2660    7.1282    2.6460   -0.0140   -0.8277   -0.5610   -3.6884      GLY193
  279     31.0997   18.3857   13.4460    0.8175   -0.0019    0.5759   -5.3204      LYS159
  280      6.2581   -6.6814   20.7987   -0.8339   -0.4763    0.2786   -3.2993       ILE89
  281     30.1007   -5.2354   -4.4019    0.5837   -0.4407   -0.6820    2.6181       VAL76
  282     21.8660   -6.6428   25.4460    0.4049   -0.4633    0.7883   -0.4683       ASN48
  283     29.4902   18.7520   14.6460    0.6005    0.1291    0.7892   -0.6541      LYS159
  284     17.0995  -17.8692   10.4763    0.2070   -0.8353   -0.5093  419.6601      LYS109
  285     33.8667    5.7619    4.5719    0.9420    0.1567   -0.2968 1054.8989       ALA24
  286      2.1283   13.4143   13.4460   -0.7911   -0.4752   -0.3851  228.9471      TRP215
  287     16.8837   -5.2577   32.6201    0.4536   -0.3025    0.8383   -1.8400      GLN240
  288     15.3423   13.0357   24.2331    0.6645    0.2362    0.7090    3.9544      PHE181
  289      3.8908   25.8074   12.2667   -0.2272    0.9725   -0.0507    0.3170      LYS224
  290      8.7074   28.3554   15.7673   -0.8214    0.1779    0.5419  -19.4165      LEU185
  291     24.8863   22.3390   20.1184    0.5628    0.8169    0.1264   -0.2659      GLN135
  292     11.6404   13.2506    9.8145   -0.9238   -0.2145    0.3173   -2.0902      SER190
  293      3.1422   29.1479   19.4413   -0.4701    0.8742   -0.1216    2.6882      SER170
  294     -1.2603    3.1520   13.7723   -0.0170   -0.3268   -0.9450    0.4521       SER96
  295     19.3000   25.7181   22.9808   -0.2239    0.9481   -0.2258    2.5231      GLY133
  296     15.0003   17.5520   23.9117   -0.1899   -0.1168    0.9748    3.3739      ILE162
  297     30.2826   -3.9385    8.7846    0.1326   -0.3046   -0.9432    2.6064       ASN79
  298      1.2999   24.9278   13.4803   -0.6399    0.7611   -0.1056   -1.7798      LYS224
  299     13.4111   19.7156   12.3207    0.5640    0.8169   -0.1207    1.3264      ASP189
  300     -4.5318    4.5277   20.4720   -0.5819   -0.8064    0.1056   27.4376       ASN95
  301     19.4660   25.5234   18.2460   -0.0614    0.9346    0.3504    6.9825      PRO161
  302     24.7235   13.9520   -1.4115    0.1017    0.5554   -0.8254   -0.8459      LYS156
  303      3.9234   -3.8010   21.7886   -0.8240   -0.5522    0.1266    0.8132       VAL90
  304     19.0971  -14.4791   20.6460    0.2535   -0.9673    0.0038    2.8877       GLN50
  305     24.2660   10.3520   13.0121   -0.5740   -0.3386    0.7456    0.7592      LEU137
  306     15.6317   32.9179    9.8436   -0.3112    0.8719    0.3780   -0.9679      GLU186
  307     14.0472   13.6739   -6.9432    0.4248    0.0512   -0.9038   -0.5993      THR149
  308      6.2660  -12.3017    8.6460    0.1018   -0.9892   -0.1055   -0.7029       SER61
  309      6.7824   20.6356    2.6460   -0.7414   -0.4113   -0.5302    2.3413      GLN221
  310     26.1792   10.3520   16.5592    0.9330    0.3581    0.0353    1.3335       TYR29
  311     12.7817   12.0465   -6.9415    0.2242   -0.4969   -0.8383    0.4865      THR149
  312     11.1618   17.4098   27.8489   -0.3988    0.9170    0.0105   -0.8537      LYS230
  313     13.4660   21.5540    9.8460   -0.6462    0.7357    0.2029   -1.7676      LYS188
  314     28.8651    4.3520   23.2469    0.8263    0.0585   -0.5602   -1.4434      SER122
  315      8.8326   21.1148   28.7734   -0.3185    0.1220    0.9400    1.6453      ASP165
  316     32.2359    7.9520    2.6460    0.8064    0.2342   -0.5430   -0.2828       ALA24
  317      5.6326   13.3022    3.7820   -0.7831    0.4564   -0.4225    1.2704      GLN192
  318     20.6660    0.0754   33.3226   -0.0092   -0.2459    0.9693    2.9889      LYS239
  319     19.5507  -11.3693    4.9823    0.1507   -0.9669   -0.2058    0.6153       GLN64
  320      9.8660   -5.2480    7.1821   -0.0600   -0.1551    0.9861   -2.2262       SER37
  321     18.0207   28.5973    9.8460    0.5810   -0.7825    0.2241    1.2521      GLU186
  322     29.8242    6.3102    0.2460    0.7173    0.3898   -0.5776    3.8566       ASP71
  323     20.6485   15.2051    3.9178   -0.1895   -0.7502   -0.6335    0.3587       ILE16
  324     25.5227   18.6853    9.9135    0.1080    0.8371   -0.5362 1117.4413       TYR20
  325     17.0660   26.3903    9.8460    0.3644    0.6119   -0.7020    0.5546      TYR184
  326     19.1985   17.5520   -2.4215    0.9421    0.0837    0.3248   -0.3537      LYS145
  327     11.6377   19.9520   22.4743   -0.4488   -0.0833    0.8897    2.3178      LEU163
  328     21.3579   23.5520   26.6460    0.8890    0.3774    0.2594   -0.2530      ALA132
  329     28.8898    3.0257   18.3991    0.6360    0.7157   -0.2886    0.9930      SER120
  330     21.6763  -16.9522   15.7514    0.3556   -0.8212    0.4463   -0.3531      LYS109
  331      9.8565  -14.0089   22.2835   -0.7822   -0.4940    0.3796    1.6748       LYS87
  332      6.7699    9.1520    3.1499   -0.6269   -0.4719   -0.6199   -0.8687      GLN192
  333      5.4823   15.1163    7.8780   -0.4071   -0.8379   -0.3635    1.4583      GLY216
  334     -3.8543   22.3520   19.4460   -0.8847    0.4490   -0.1256    0.3919      PRO173
  335      9.6043   -7.8381   13.4585   -0.2242   -0.8483   -0.4798    0.9582       SER88
  336     30.4827    3.1722    0.2669    0.6752    0.6230    0.3950   -0.2416       GLU77
  337     15.8632   -2.2111   -0.4120    0.7123    0.1400   -0.6878   -1.1355       ASN34
  338     12.5618  -14.5505   13.4531   -0.4438   -0.7709   -0.4569   -0.9349       SER86
  339      5.7441   -1.1261    3.8460   -0.7939    0.2364   -0.5602    0.8286       LYS60
  340     13.7192   30.7520    7.1928   -0.4029    0.4171   -0.8147    0.1077      GLU186
  341     27.5313  -13.3133   15.8460    0.7635   -0.6457    0.0078    0.1489      ALA111
  342     20.4309   -7.8831   31.4460    0.7708    0.0133    0.6369    1.7653      ALA243
  343     31.4835    1.5872   -2.8653    0.8038    0.1433   -0.5774    2.0176       GLU77
  344     23.1595   23.5253   24.3756    0.6735    0.3617    0.6447    1.3882      GLY133
  345      7.4431   -3.3290    1.0766   -0.8502   -0.5244   -0.0458   -1.1266       TYR39
  346     37.8214   -0.8301    9.7860    0.8349    0.1032   -0.5407    2.6709      SER116
  347     15.8660  -13.8158   19.4460   -0.2327   -0.8969   -0.3761    2.3955      LYS107
  348     12.7012  -12.6260   30.5094   -0.4418   -0.6082    0.6594    0.5520      SER244
  349     27.5295   14.8489   20.7270    0.4482    0.4404   -0.7780    1.5721      SER202
  350      6.2994   11.5048   19.4357    0.7035   -0.6347   -0.3198    2.4401      MET180
  351     18.2660    0.6633    2.6460    0.1869   -0.7892   -0.5850   -0.2006       ILE73
  352     10.4835   24.1695    3.8460    0.2656    0.7424   -0.6151   -2.8793      ALA221
  353     -3.3340    6.7520   13.9092   -0.1772    0.0250   -0.9839   -0.2015       SER96
  354     21.8528   10.4072   -2.0631    0.4523    0.4281   -0.7824    1.5795      PRO152
  355      0.9045   26.5135   17.0460   -0.3647    0.7232   -0.5865    0.3971      SER170
  356      4.4855   -0.4480    5.0460   -0.7459    0.5658   -0.3516    4.5260       LYS60
  357      9.4687   12.7520   -6.5567   -0.4352    0.0592   -0.8984    2.3540      THR149
  358      2.1512   -5.9332   14.6460   -0.8475    0.0175    0.5306    2.2676       TYR59
  359     18.7716   -0.0015   32.6355   -0.3838    0.1913    0.9034  767.8199      LYS239
  360     10.9554    5.2795   31.4506   -0.2516   -0.4082    0.8775  818.6672      ASN233
  361     25.4937    2.2935   -7.2430    0.1572    0.5801   -0.7992   -0.2507       VAL75
  362      9.8660   23.0356    0.2460   -0.0866    0.9951    0.0470    1.9136      SER146
  363     19.1307  -16.1327   17.4659   -0.3649   -0.4719    0.8026    0.3385      LYS109
  364     19.1124  -11.2480    2.9996    0.4181   -0.7027   -0.5757    2.1514       GLN64
  365      5.9329   29.3029   20.6501    0.3631    0.9246    0.1151   -0.5212      SER170
  366      3.7490    5.6229   28.0320   -0.2850    0.3055    0.9085    0.5602      ASN101
  367     30.2362   11.6884    8.7087    0.1526    0.5896    0.7932   -1.0819       CYS22
  368     16.4144   20.5035   27.8430   -0.8498   -0.0265    0.5265   -0.9938      ALA132
  369     16.8391    5.5350    1.4040   -0.3879   -0.6428   -0.6606   -0.6592      TRP141
  370     25.0035  -14.8331   12.7717    0.8571   -0.1219   -0.5005    1.5088      SER110
  371      9.2443  -10.0480   26.0677   -0.9634    0.1406    0.2280   -0.6335      ASN245
  372      5.1305   12.7699    7.3494   -0.8944   -0.0624    0.4430   -1.7277      GLN192
  373      9.0267   17.9127   27.8460   -0.1947   -0.7662    0.6123    6.3149      ASP165
  374     13.4653   25.9614   19.4419    0.1375    0.9902    0.0235    1.6573      LEU163
  375     18.7119  -16.4590   11.0224    0.7553   -0.4498   -0.4766    1.6417      LYS109
  376     25.1509  -10.9329   11.0460    0.7051   -0.6930   -0.1500   -2.7139       ILE83
  377     12.6625    7.6892   -4.4202   -0.2405   -0.4706   -0.8490   -0.7963      TYR151
  378      8.9201   -6.4172   32.5941   -0.9633   -0.2436    0.1127    3.8286      GLN240
  379     24.1985   -0.2769   -7.5219   -0.2299   -0.1253   -0.9651    4.3473       VAL75
  380     23.6509  -13.5915   21.2231    0.7720   -0.4354    0.4630    0.3770       GLN50
  381     11.1031   22.3520    9.8460    0.8660   -0.2327    0.4427    1.3516      ALA221
  382     -0.9017    7.9377   23.0199   -0.3990    0.1908    0.8969   -0.4598       THR98
  383     13.4660   20.4347   -1.4367    0.4667    0.7269   -0.5038    0.9066      SER146
  384     25.0064   -0.4480   11.0460    0.9530   -0.3030    0.0062    0.3954       GLN30
  385     31.9038   -1.2278   17.0473    0.6565   -0.1157    0.7454    1.6617      ALA119
  386     11.3525  -11.5546    8.7103    0.4054   -0.8854    0.2273    2.1604       GLY62
  387     13.0529   -7.6417    1.1262    0.4365   -0.8900   -0.1316    0.4929       GLY38
  388     28.7059    3.1520   21.4859    0.8133    0.2932    0.5026   -0.3205      SER120
  389     17.0660  -16.8337   15.4317   -0.3055   -0.7519    0.5843    1.1459      LYS109
  390     20.3326   12.7567   -0.6016    0.8099    0.3455   -0.4740    1.0718      THR144
  391      6.0553   17.7627   25.4460    0.8643   -0.1680    0.4741    3.7336      LYS169
  392      9.2335   17.5520   10.4785   -0.7347   -0.6634   -0.1418    1.1818      ASP189
  393      9.4765   -5.2395   25.8232   -0.7335   -0.6375    0.2357    2.7367      THR241
  394     25.7097   -7.6735    2.9324   -0.3559   -0.6358   -0.6849    2.2133       GLU80
  395     10.4472  -13.0668   24.2460   -0.7947   -0.5531    0.2501    2.2993      ASN245
  396     15.9892    0.7236    0.2167    0.4385    0.1332   -0.8888   27.5578       HIS40
  397     -2.0845   24.7751   17.0913   -0.6564    0.3751   -0.6546    0.4999      PRO173
  398      3.0247   10.3520   12.6047   -0.3137    0.2331   -0.9205   -0.2798       LEU99
  399     26.1546   -4.0480   23.7346    0.7602    0.0325    0.6489   -3.0507       ASN48
  400     11.0163   17.5384   24.2389    0.0643    0.6187    0.7830    0.8290      PHE181
  401      2.9968  -10.0480    8.9768   -0.9589   -0.0523   -0.2787    1.1981       SER61
  402      9.4271   10.3520    7.8849   -0.3853   -0.2078    0.8991    0.4410      GLN192
  403     15.8660    4.1119   33.6059    0.3604    0.9101    0.2045    0.6546      SER236
  404      4.8399   28.2706   13.7203   -0.8304    0.0483    0.5550    0.9984      ASN223
  405      1.4281   19.7818   11.4407   -0.7171   -0.1514    0.6803   -2.5263      SER217
  406      7.9528   31.9520   11.7592   -0.0739    0.7582    0.6478    2.8655      ASN223
  407     17.8530    5.9650   -3.3540   -0.2875   -0.8592   -0.4233    0.7169      PRO152
  408     18.2660   16.1859   31.2799   -0.1926    0.6527    0.7327   12.6851      CYS128
  409      7.8613   -2.8480   29.8507   -0.6613   -0.2551    0.7054   -2.7151      TRP237
  410     17.0660    9.1520   31.0102    0.2229   -0.0164    0.9747    1.4304      CYS232
  411     27.2200   18.1060    2.6460    0.4561    0.5889   -0.6672    1.2579       TYR20
  412      9.8011   23.1848   -3.0245    0.3947    0.8197   -0.4152    7.7379      SER147
  413     27.4020    1.4880   -6.9540    0.4862    0.6428   -0.5920   -0.9275       VAL75
  414      6.2660   27.1520   17.6243    0.2970    0.5471   -0.7826   -4.7415      SER170
  415      6.1472    9.1357    5.1457   -0.7151   -0.6799    0.1625    3.9041      GLN192
  416      2.6444   -2.2904   19.4640   -0.9797   -0.1988    0.0250    0.5786       VAL90
  417     28.5257   22.3520   17.0460    0.6094    0.7464    0.2674   -5.9801      GLN135
  418     20.2014   14.6874   32.6460   -0.1928    0.8030    0.5639    0.4613      SER127
  419     38.4793   -0.4480   12.2460    0.9949    0.0735    0.0693    0.4582      SER116
  420     14.6709    4.5461   23.2374   -0.4337   -0.8675   -0.2438   -2.0793      TYR234
  421     26.6660   16.8689   15.3291    0.3157   -0.6493    0.6919    2.1906      LYS159
  422     30.3565    7.6698    1.7892    0.1582    0.4524   -0.8777   -0.7636       ALA24
  423      6.5909   -4.1214    4.1359   -0.6002   -0.4433   -0.6658   -0.7548       LYS60
  424     11.5870   -2.8480   33.3250   -0.4039    0.7449    0.5310   -1.1347      GLN240
  425     18.2660   19.2309   -5.0329    0.2231    0.7194   -0.6578    2.2008      LYS145
  426      2.9008   -8.8480   12.0112   -0.8888   -0.4236   -0.1752    3.0699       TYR59
  427      9.7197    8.2307    2.6133   -0.5482   -0.8165   -0.1809   -3.6361      GLN192
  428      0.7590    1.2450   29.0460   -0.7246   -0.3736    0.5791   -0.5072       SER93
  429     10.1782    4.3293    4.1835   -0.5966    0.5190   -0.6121    0.4717       PHE41
  430      9.2844   27.1810    5.6593    0.1800    0.2616   -0.9482    0.3595      LYS222
  431      4.4484   -0.4480    6.8636   -0.7606    0.3997    0.5116   -0.1950       LYS60
  432     32.6643   -8.8726   15.8461    0.4814   -0.7875    0.3848   -0.8870      LEU114
  433     29.1163    4.4972   16.0036    0.5774    0.2061    0.7900   -0.8468       PRO28
  434     -0.6969    0.8291   25.4738   -0.9986    0.0456    0.0264    1.1134       PRO92
  435     10.5558   -0.4480   31.9562   -0.6501   -0.0303    0.7592    1.2245      TRP237
  436      3.0902   24.7864   10.3395   -0.3681    0.6479   -0.6669   -0.8294      LYS224
  437     27.4831   21.2431   19.2722    0.5650    0.3053    0.7665    0.9565      GLN135
  438      3.8915   -3.2295   15.8413   -0.8676    0.3921    0.3058    1.4302       TYR59
  439     17.0678    3.7234   -0.0064   -0.9164    0.3488   -0.1965    0.3960       ILE73
  440     29.0273   13.5629    0.3242    0.7146    0.4385   -0.5450    1.8029       THR21
  441      8.6660   27.6243   28.3183   -0.0619    0.4540    0.8889    0.5696      SER166
  442     -2.1235    2.0324   18.2100   -0.3192   -0.8300    0.4574   -1.7493       SER96
  443     38.4508   -1.6480    4.8308    0.7984   -0.3370   -0.4989   -0.9263      ARG117
  444     27.6747    9.0892   14.7774    0.8818    0.4688   -0.0514   -0.8979       TYR29
  445     12.2660   -8.8480   20.6911    0.2292    0.1492   -0.9619    0.8544       ILE89
  446     20.8589   -0.4542   26.4844    0.5928   -0.8027   -0.0647    0.5247      LEU123
  447     19.7350    6.7520   32.3770   -0.7048   -0.5421    0.4575    2.8375      THR125
  448     29.7366   -8.3186    6.2460    0.7244   -0.6842    0.0844   -0.4308       GLU80
  449     36.2157    1.6183   13.1626    0.4551    0.8204    0.3461    3.1866      SER116
  450     31.3788   11.6037    3.8957    0.7621    0.4229   -0.4903   -0.6893       GLY23
  451     18.3627    3.4265   32.2991    0.2982    0.0800    0.9512   -0.1677      VAL235
  452      6.4600   24.7619    4.1817   -0.3570    0.8777   -0.3196    0.4596      GLN221
  453     25.1197   20.4448   22.8830    0.9615    0.1916    0.1971   -1.1080      THR134
  454     11.2992  -11.2515   11.3350   -0.8844    0.0361   -0.4653    0.3420       ALA85
  455      4.1721   -0.4480   11.9399   -0.9547    0.2521   -0.1580  270.5905       TYR59
  456     11.4488   16.3520   29.4288   -0.2270    0.5045    0.8330   -0.5345      LYS230
  457     19.4660   25.4336   15.3276    0.1296    0.8851    0.4470    0.8181      TYR184
  458     23.9599    2.4238    7.4369    0.9414   -0.0662    0.3307    1.0627       GLU70
  459     26.6662   19.8961   11.0670    0.0726    0.6449   -0.7608    0.2147      LYS159
  460     36.3220   -2.8922   14.8131    0.7724   -0.1307    0.6216    1.2969      SER116
  461     32.4067   -0.5792   -1.9234    0.8744    0.3022   -0.3795    1.7449       GLU77
  462     18.5916    5.5678   -5.3744   -0.9409    0.0289   -0.3376   -0.5962      ASP153
  463     24.8396    4.9256   -5.7540    0.5325    0.3206   -0.7834   -1.0177      ASP153
  464     16.8372   24.7516   21.6103    0.4049    0.9129    0.0507    1.2412      ILE162
  465     32.2441    0.7520   16.2679    0.9442    0.2981    0.1402   -2.8119      ALA119
  466      7.9712   -4.0480   26.1408   -0.5687   -0.8225   -0.0069   -0.4001      TRP237
  467     19.9207   22.8167   29.0255   -0.0271    0.8636    0.5035    0.8042      SER130
  468     14.6660   26.3621   23.4561    0.7043    0.7092   -0.0309    1.0072      SER164
  469      3.8660    2.7941   10.6881   -0.7444    0.2020   -0.6365    0.8649       HIS57
  470     27.8660    5.7283   18.0697    0.7864    0.0543    0.6153    1.7982       TYR29
  471      7.9796   11.5627   10.4606    0.2290   -0.0185   -0.9732    1.8180      TRP215
  472     23.1273    1.8283   -6.6746    0.0435    0.4046   -0.9135    0.7858       VAL75
  473     29.2374   -7.4766    1.4460   -0.4127   -0.9042   -0.1101    0.9931       GLY78
  474     32.7712   -4.0196   -2.1967    0.5876   -0.2261   -0.7770   10.3131       GLU77
  475     33.0874  -10.0480   13.4460    0.9279   -0.3544    0.1157    0.5787      SER113
  476     24.2487   -6.4295   -2.9179   -0.8663   -0.2405   -0.4379   -0.6405       VAL76
  477      3.8660  -11.8204    9.8460   -0.7772   -0.6202    0.1069   -3.1845       SER61
  478     16.1745   18.7520   26.3375   -0.9565   -0.0403   -0.2890    0.9754      ALA129
  479     -3.1496    7.9255   22.8600   -0.2879    0.5545    0.7808    3.2404       ASN95
  480     22.4363   25.8833    8.0052    0.6100    0.5584   -0.5623    0.6199      LYS188
  481     22.3422   13.9520   25.9222    0.9306    0.3483    0.1126    1.9644      GLN210
  482     25.2927    5.5386   31.4492    0.5337   -0.8267   -0.1782   -0.4268      THR125
  483     26.2079   -6.4480    0.7041   -0.5248   -0.8430   -0.1179    0.4526       GLU80
  484     19.0829  -10.0501   32.2690    0.3994   -0.2282    0.8879    1.8247      ALA243
  485      5.6563   -1.6480    0.8363   -0.8384   -0.5418    0.0596    1.3299       TYR39
  486      1.4231   18.5585   24.1693   -0.5939    0.6623    0.4568    1.5383      ILE176
  487     19.3394   16.1587    1.5376    0.9551    0.2948    0.0284   -0.2202       ILE16
  488     14.6660    6.7520    1.9820   -0.7066   -0.6136   -0.3524    0.5625      TRP141
  489     20.8416  -13.3448   22.5436   -0.1738   -0.4337    0.8841   -0.3577       GLN50
  490     -5.7359    8.2692   14.6480   -0.2104    0.5495   -0.8086   -1.9147       ASN97
  491      6.2660   12.7520   31.2142    0.0651   -0.0420    0.9970    3.4150      SER178
  492     -5.7729    9.5783   16.6815   -0.5180    0.8138   -0.2634    1.5704       ASN97
  493      8.6660   15.7789    3.2191   -0.5286    0.1236   -0.8398    0.6471      CYS220
  494     29.0660   14.1648   10.8332    0.5073   -0.6875    0.5197    6.9971       TYR20
  495      0.8175   -0.4480   23.0460   -0.3790   -0.6012   -0.7035    5.4172       PRO92
  496      6.9819   11.0655    2.6385   -0.5475   -0.0318   -0.8362   13.3196      GLN192
  497     16.5340   27.1339    7.4005    0.7584    0.5215   -0.3910    1.2184      GLY187
  498     24.2660   21.0337   11.1643    0.2220    0.7884   -0.5736    1.1430      LYS159
  499     28.9885   10.2632    9.7467    0.0368    0.7413    0.6702    0.2795       THR26
  500     12.7316  -16.0480   11.7804   -0.9063   -0.1377    0.3996   -0.3138      LYS109
  501      8.3966   -5.2080   -0.0634   -0.7359   -0.3527   -0.5780   -0.3455       SER37
  502     26.6660   23.4411   17.0460    0.0298    0.9909    0.1314    2.5078      GLN135
  503      8.6672   23.3020   27.7595   -0.1198    0.3812    0.9167    0.8590      ASP165
  504     23.0660   -2.2831   -0.9540   -0.0138   -0.9941    0.1077    0.8659       ILE73
  505     19.7559   -1.6480    3.8460   -0.8302    0.1122   -0.5460    6.9703       GLU70
  506     23.0660   22.3520   14.0584    0.5778    0.4710    0.6665    2.0439      TYR184
  507     21.9668   20.5804    2.6206    0.3248    0.6618   -0.6757    1.2968       GLY18
  508     18.2660  -14.4339   23.8319    0.6024   -0.6510    0.4617   -0.4504      LYS107
  509     15.9407   16.3520   27.8460   -0.9960    0.0651    0.0605    1.8019      ALA129
  510     17.0722   24.8850   17.2126    0.3208    0.9469   -0.0226   -2.9819      LEU163
  511      9.8819    2.7182    0.6762    0.0408    0.9992    0.0049   -0.3655       TYR39
  512     27.4750    5.5520    5.8550   -0.1173   -0.0644    0.9910   -1.2412       ASN25
  513     33.8262    3.1154    7.3867    0.9765    0.1125    0.1841   -1.4197       ASN25
  514     11.4591    1.9438   -0.4750    0.3089    0.7701   -0.5581    0.5072       TYR39
  515     25.8231    8.7949   29.0460   -0.3782    0.6555    0.6537    2.4127      LYS204
  516      0.8224   14.5084   18.2460   -0.2387   -0.8882   -0.3925    2.3079      GLN175
  517      8.6686   16.3524   25.4496    0.2571    0.3345    0.9066   -2.5628      ASP165
  518     29.0660   19.4021   17.5959    0.8213   -0.3213    0.4713   -1.6499      GLN135
  519     12.0878   23.3462    3.8472    0.1906    0.8544   -0.4833    1.4977      ALA221
  520     24.3895   19.9875    3.8453    0.5275    0.8490   -0.0308   -4.3848       GLY19
  521      6.4899   19.8133   -1.3092   -0.9676   -0.1654    0.1909    0.2928      SER147
  522     13.9949   25.9520    4.5171   -0.2304    0.5526   -0.8010    2.6660      GLY188
  523     -0.9301    2.0776   23.8067   -0.8210   -0.2547    0.5110   -1.3307       TYR94
  524     23.0660  -16.0480   11.4417    0.2959   -0.5203   -0.8011    1.2555      SER110
  525     23.4231   24.7520    9.8460    0.9806    0.1311    0.1458   -0.2225      LYS188
  526     30.0178   13.9520    7.6943    0.9553   -0.1500    0.2549   -0.2308       TYR20
  527     10.7452   -2.5272   31.4460   -0.5767    0.1150    0.8088   -0.4911      GLN240
  528     22.7806  -12.4035    8.6036    0.5275   -0.8380    0.1399    0.9875       PHE82
  529     31.3155   -5.2480   20.4955    0.6886    0.0801    0.7207   -1.6120      LEU114
  530     33.1586    6.0633   11.0798    0.8570   -0.0795    0.5091    4.3859       THR26
  531     34.9197   -2.9407    2.7284    0.6741   -0.1636   -0.7203    5.0113       ASN79
  532     13.4660    3.9426   33.4366   -0.5590    0.8275    0.0520   -1.7848      SER236
  533     19.0666   -7.6480   -0.5546    0.1595   -0.5307   -0.8324    0.8171       ARG66
  534     12.6124    3.1520   31.4460   -0.3957    0.8770    0.2725   -0.3209      SER236
  535     -3.8920    9.1520   21.2880   -0.8349    0.1189    0.5374    0.4692       THR98
  536      9.1001    6.3428   29.0393   -0.8256   -0.0384    0.5629   -0.5081      ASN233
  537     24.5991   -2.8480   24.2460    0.3838    0.1508    0.9110    3.3130       ILE47
  538      4.3344   -3.6854    6.3633   -0.9010   -0.3271   -0.2848   -1.0706       LYS60
  539     17.0660  -11.7451    4.5489   -0.3492   -0.9370   -0.0084   15.3777       GLN64
  540     -7.6932    6.7652   18.9579   -0.8059    0.1296    0.5777   10.0366       ASN97
  541      5.0660   -0.8550    9.0530   -0.4599    0.6905   -0.5583    4.2540       TYR59
  542     33.7890    3.1244    5.1341    0.9651    0.0016   -0.2619    1.2188       ASN25
  543     18.1188   17.5520   12.2460   -0.8913    0.3385    0.3016    0.2876      LEU158
  544      5.6577   15.7437    5.0460   -0.3754   -0.7316   -0.5690    2.5191      GLY219
  545     17.2333    0.8859   -4.5679   -0.9728   -0.1735   -0.1532   -5.1526       ASN74
  546     15.8660    7.9520   31.9868    0.5022    0.0004    0.8647   -2.6489      CYS232
  547     23.0766   -4.2341   25.3120    0.1750    0.3938    0.9024    8.9750       ASN48
  548     13.0642  -14.7543   20.7239    0.3866   -0.7868   -0.4811    5.4844       LYS87
  549     15.8671  -14.7308    7.6187    0.1368   -0.7615   -0.6336    0.6016       SER84
  550     19.1617   10.0477   -4.5540    0.4623    0.5334   -0.7084   -2.0295      TYR151
  551     11.0660   -8.1599    2.1341   -0.0733   -0.9972   -0.0162   -0.8481       GLY38
  552     38.5014    1.7874    6.2460    0.5925    0.7965    0.1201   -1.0335      ARG117
  553     25.4660   18.3004    2.1944    0.5245    0.3573   -0.7728    1.2331       GLY19
  554     25.9684   12.8300   26.1333   -0.3296   -0.0896    0.9399    0.1552      SER202
  555      6.2914   -7.6480   18.2460   -0.9940   -0.0605   -0.0906   -0.2380       SER88
  556     11.0813   12.7597   30.2720   -0.1185    0.6013    0.7902    0.5769      ASN233
  557     18.5591   -1.3549   -3.3540   -0.6146   -0.7855    0.0721    0.4950       ASN74
  558      5.2146   11.5523    4.0363   -0.8708   -0.0971   -0.4820   -0.3115      GLN192
  559      8.6087    7.9140    5.0421   -0.6010   -0.7936    0.0949   -0.2515      GLN192
  560      0.4403   25.9301   20.1873   -0.3213    0.7876    0.5257   -0.2654      PRO173
  561     17.4364   -7.6480   32.2756   -0.0703    0.1880    0.9796    2.5907      ALA243
  562     16.0725   -8.7815   32.9095    0.4916    0.1955    0.8486   -0.7497      SER244
  563     27.6544   11.5301    9.9794    0.9220    0.0880    0.3770   -0.6331      CYS157
  564      2.2629   -0.8511   20.6460   -0.8475   -0.5260    0.0717   -0.4553       VAL90
  565     30.0026   -8.6767    8.7226    0.8329   -0.3684   -0.4129   -1.0356       GLN81
  566     28.8689    4.2374   -0.8703    0.4816    0.6919   -0.5379    0.4874       GLU77
  567      8.9154    3.1520    5.0460   -0.9595    0.2672   -0.0890   -3.5453       PHE41
  568     22.6270    0.7520   28.2850    0.8278   -0.2076   -0.5212    6.4461      LYS239
  569      8.6693   -4.4958   28.2984   -0.4733   -0.7886    0.3927    2.5182      TRP237
  570      1.9546   -2.8488   28.5592   -0.6218   -0.3555    0.6978    1.0745       PRO92
  571     22.3875   22.3520    9.8460    0.9446   -0.2623   -0.1976    1.5913      LYS188
  572      3.8660    9.1520   28.3138   -0.7845    0.0199    0.6198   -0.9494      ASN179
  573     28.5111    3.7069   26.6460    0.6659   -0.2816    0.6909   32.8824      SER122
  574     20.1148    5.5520   -6.9540   -0.3473    0.1180   -0.9303   17.7695      ASP153
  575     18.2954   15.1537   20.6578   -0.9939   -0.0585   -0.0933   18.9920      ILE162
  576     25.4693  -10.4907    7.0092    0.4519   -0.8755   -0.1710   -3.2079       PHE82
  577     15.6808   18.0470   -5.7391   -0.1565    0.4089   -0.8991   -2.4121      LYS145
  578     27.5545   11.2724   26.6365    0.3999    0.5948    0.6973    1.6176      SER202
  579      7.4514   19.0959   27.5113   -0.3230   -0.6222    0.7131    0.5710      ASP165
  580      5.0809   -3.0365   29.0246    0.1660   -0.5009    0.8494    0.8954       PRO92
  581     26.6660   12.1165   19.4460    0.7607    0.3738   -0.5306   -0.3493      VAL200
  582     19.1562   15.4618   -2.1540    0.9168    0.2199   -0.3334    1.1142      THR144
  583      5.4049   -5.2487   22.7119   -0.5963   -0.6862    0.4166   30.3171       VAL90
  584     34.5099    1.9218   14.0068    0.3208    0.6917    0.6470   -0.8032      SER116
  585      7.3862   25.6576   17.1202    0.4926    0.6926   -0.5269   -0.4539      ALA171
  586     15.9326  -11.1413    6.4325   -0.3119   -0.2995   -0.9017    1.4682       SER84
  587     11.4100   -7.6480   28.7020   -0.8014   -0.2977    0.5187   27.3823      THR241
  588      9.1179  -11.7836   18.2626   -0.9499   -0.2869   -0.1240   20.6374       LYS87
  589     27.3863    7.2317    7.4460    0.4668   -0.8498   -0.2448   27.1325      LEU155
  590      1.6881   17.5477   10.8586   -0.8048   -0.4391    0.3994   -0.9805      SER217
  591     23.0956   -7.6007   24.1872    0.2748   -0.7602    0.5887    0.9646       ASN48
  592     17.0660    4.3520   18.8769   -0.2866    0.7066   -0.6469    3.6185       ILE47
  593     22.8294    9.1669   14.6227    0.9703    0.2065   -0.1259   15.2536       TYR29
  594      9.8660    7.9520   30.8475   -0.7950   -0.1573    0.5858   -1.0535      ASN233
  595     22.7091    7.9520   34.6891    0.0394   -0.2495    0.9676   18.0119      THR125
  596     10.2645    9.5505   -5.7540   -0.1382   -0.8142   -0.5638    0.0712      THR149
  597      9.8660   10.6570   31.1410   -0.4354    0.1522    0.8873   -0.2470      ASN233
  598      5.0354   10.2453   12.0452   -0.5513   -0.3825   -0.7415    0.3808      TRP215
  599     27.8660    3.3788    8.8728   -0.3372   -0.5337   -0.7755    0.8585       VAL27
  600     15.9148   13.7368   26.8464   -0.2040    0.2822   -0.9374    1.6662      CYS128
  601     24.2611   -3.9873   -4.5111   -0.3275   -0.8742   -0.3584    4.4377       VAL76
  602     18.2220   15.1520    9.8460    0.9053    0.2096    0.3695    0.3979      SER190
  603     14.1858  -13.1744    7.4575   -0.8188   -0.1618   -0.5508    0.2488       SER84
  604     15.2842   -8.2298    2.6460   -0.7239   -0.4784   -0.4970    0.7857       GLN64
  605      6.7418   28.3751   24.6709   -0.7048    0.7060   -0.0696   -1.5787      SER166
  606     31.4581    5.5522    1.4473    0.4354    0.1786   -0.8823    0.5888       ALA24
  607     -4.8113    5.5041   14.3310    0.0372   -0.5169   -0.8552    0.5650       ASN97
  608      8.6660   -9.5742   20.6460   -0.5093   -0.8299    0.2279   -0.6570       SER88
  609     29.2489   10.3516   20.5045    0.6945   -0.0519   -0.7176   -1.1077      GLY203
  610     23.1489   16.2581   24.1902   -0.3249    0.2024    0.9238    4.3116      THR134
  611     21.1182  -11.2364   22.6393   -0.2014    0.1632    0.9658    1.9563       GLN50
  612      6.0069    0.7860    2.6268   -0.4775    0.2886    0.8299   -1.7072       TYR39
  613      5.0995   -5.2842    6.9775   -0.7842   -0.4403   -0.4371    3.0310       LYS60
  614     28.7276   11.5614   -0.5434    0.5020   -0.0831   -0.8609    1.7111       THR21
  615     24.2660   -6.9794    0.7774    0.6768   -0.2110   -0.7053    8.9546       PHE82
  616     17.3386   18.7520   -0.6814    0.6473    0.7348   -0.2027   -3.8208      THR144
  617     18.6810    4.2929   -2.1039   -0.9312   -0.0296   -0.3634    0.4019       ILE73
  618     15.0326   -9.7206    3.8614   -0.7928   -0.4489   -0.4121   -0.9508       GLN64
  619      8.7107   -1.3572   30.5580   -0.5214   -0.0278    0.8529    0.7762      TRP237
  620      9.9142   -7.6005    3.8095   -0.2551   -0.9545    0.1544    3.2950       SER37
  621     -2.6445   15.8219   18.2463   -0.7923   -0.6093   -0.0333   -1.0194      GLN175
  622     17.0784   24.7667   26.6592   -0.1379    0.7664    0.6274    0.1711      ALA132
  623     13.5512    0.6754   -0.8344    0.3176    0.5981   -0.7358   -0.3318       TYR39
  624      1.8405   23.5520   23.8715   -0.8424    0.2487    0.4781    3.5491      LYS169
  625      6.2735   28.0249    7.7572   -0.7614    0.3772   -0.5272   -0.2340      LYS222
  626      8.2809   10.2129   -4.5502   -0.6225   -0.7642   -0.1686136649.2496      THR149
  627      3.6650   22.6377   27.8941   -0.4482    0.7997    0.3994    4.9151      LYS169
  628     13.4660  -14.1934   29.0460   -0.0614   -0.9198    0.3876    2.1706      SER244
  629     22.8719   24.4140   13.5462    0.8345    0.4297    0.3450   18.4533      TYR184
  630     21.0536   -0.7563   -6.8828   -0.4518   -0.1815   -0.8735    3.4363       ASN74
  631     24.6736   -4.0469   -0.9536   -0.9731    0.0455    0.2260   -1.7382       VAL76
  632     12.3028    0.7250   33.7787   -0.8222   -0.3311    0.4630    2.7930      SER236
  633     36.1420   -2.8465    7.4439    0.3251   -0.7946    0.5128    0.5975      ARG117
  634     28.2075   16.3520   24.5875    0.7674    0.6355    0.0847    1.2199      SER202
  635     17.0660  -14.6196   25.2176    0.3956   -0.9058    0.1518   -1.4081      ASN245
  636      3.2609   27.7469   17.0460   -0.0277    0.7726   -0.6342    0.6345      SER170
  637     15.1803  -15.3548   18.2419    0.5911   -0.6417    0.4887    0.7032       SER86
  638     27.6973    9.1824    2.8377    0.4871   -0.6256   -0.6093    2.9784       THR21
  639      8.0785    9.1520   -0.9540   -0.9206   -0.1102   -0.3745    1.4230      TYR151
  640     25.4686   10.3578   31.4464    0.7341    0.5995   -0.3189    1.8178      THR125
  641     14.5399    6.8278    0.1785    0.2253   -0.9080    0.3531    7.0277      TYR151
  642      8.1163   -9.3977   15.8460   -0.6813   -0.6397   -0.3559   -2.0705       SER88
  643      5.0660   23.9863    5.0460   -0.8941    0.4049   -0.1914   -0.3771      GLN221
  644     18.2301    0.7776   -2.1320   -0.8261   -0.1357    0.5469   -1.4223       ASN74
  645     11.4386   30.4119   12.2495   -0.2155    0.9650    0.1493    0.6884      LEU185
  646     27.8660   -1.0671   22.4651    0.3238    0.0760    0.9431   -0.9176      SER120
  647     27.8660   19.1829   19.0151    0.5003   -0.3913    0.7724    0.6929      GLN135
  648      8.6660   35.0744    9.3684    0.0190    0.9421    0.3349    0.7022      LYS222
  649      9.8502   26.0852   27.7857    0.3473   -0.2102    0.9139   -0.2628      SER166
  650      7.5667   23.5319   -2.1596   -0.3112    0.9413   -0.1310    0.9598      SER147
  651      9.8660   28.8427   26.6460    0.5573    0.7710    0.3082    1.2540      SER166
  652     20.6987    2.0353   -7.1692    0.0094    0.1008   -0.9949   -0.6134       ASN74
  653     25.6279   -5.8669   23.4584    0.6469   -0.3856    0.6579  197.9363       ASN48
  654      7.6104   28.3292   20.6899   -0.1406    0.9836   -0.1130  641.2568      SER170
  655     10.6196   32.6988    7.4277    0.8067    0.2792   -0.5208  225.4014      LYS222
  656     17.0660    7.9520   -5.4802   -0.0527   -0.1478   -0.9876   -0.2363      TYR151
  657     30.1413   12.9132    1.7214    0.8992    0.2646   -0.3486    1.5987       THR21
  658     14.1987   27.1520   16.5787    0.7252    0.1326    0.6757    3.0931      LEU185
  659     32.6660   -7.6480   17.5320    0.3469   -0.3453    0.8720   -0.4410      LEU114
  660      7.5969   11.5428   -2.4891   -0.7804   -0.2455    0.5750    1.8093      THR149
  661      8.6660   17.5520   23.8186   -0.3096    0.4686    0.8274   -2.7505      ASP165
  662     12.0595   20.8603   11.1083    0.5665    0.7784   -0.2705    0.9613      PRO225
  663      8.5885   17.5325    1.3624   -0.6434   -0.7480    0.1633   -2.3815      SER146
  664     23.0589    1.9506   32.9117    0.6273    0.2843    0.7250   -1.3484      LYS239
  665     29.7220    9.1520   23.7020    0.8222   -0.3447    0.4530   -0.3555      GLY203
  666     -2.1340   25.5795   20.2735   -0.4276    0.7723    0.4698   -0.9838      PRO173
  667      9.8829   23.6717   18.3490    0.2266   -0.2193   -0.9490    0.5751      SER167
  668     26.0263   14.4071   17.0132    0.9330    0.1007    0.3455   -1.8545      LEU137
  669      4.9292   12.7177   11.0134   -0.4621   -0.5185   -0.7195    1.1216      TRP215
  670     21.7916   23.4359   15.7460    0.8762    0.4810   -0.0286    1.6277      PRO161
  671      2.1975   21.4693   23.0569   -0.8690   -0.1839    0.4593    3.9660      LYS169
  672     30.2598   14.3954    3.8316    0.8347    0.4987   -0.2335    1.4363       THR21
  673      7.5912   22.2988    0.2537   -0.5901    0.5517    0.5894    5.5094      SER147
  674     17.0913   17.5511   14.6426   -0.9396   -0.1087   -0.3247   -1.3953      GLY184
  675     28.1487   16.4189    2.4372    0.7417    0.5420   -0.3952    2.0693       THR21
  676     15.4748   31.9520   11.4372   -0.2887    0.5126    0.8086   -2.3298      GLU186
  677      9.8435  -11.6521   27.1679   -0.6551   -0.3611    0.6637    0.9338      ASN245
  678     21.8660  -13.0244   10.4696    0.2649   -0.9346   -0.2376   -0.7649       ILE83
  679      1.4660    9.6625   27.1565   -0.3776    0.4652    0.8006   -1.1343      ASN100
  680     -0.9276   22.2573   22.9739    0.0866    0.4510    0.8883    0.8598      GLY174
  681     17.0660   26.7915   14.2855    0.1466    0.7429    0.6531    8.3110      TYR184
  682      6.6606   12.7808   10.1542   -0.0001   -0.3611   -0.9325    0.7361      GLY216
  683     35.0017   -4.2122    6.2678    0.2899   -0.8607    0.4184    0.6995       ASN79
  684     21.8622   13.9593    0.1992   -0.4319    0.7667   -0.4751    1.4411      LYS156
  685     22.1298   -9.1118    0.2460    0.2472   -0.7270   -0.6406    1.5190       PHE82
  686      2.6660   -0.1322   16.1618   -0.1877   -0.7807   -0.5961    1.2240       TYR94
  687     17.0448    5.5315   31.4143   -0.0074    0.5267    0.8500   -0.3021      VAL235
  688     27.4220    5.5161   -2.9202    0.8110    0.4478   -0.3765    1.8868       ASN72
  689      0.5319   13.9353   25.2427   -0.8715    0.1959    0.4497    4.9120      THR177
  690     27.5730    4.0740   -4.5767    0.8291   -0.0381   -0.5578   -0.4699       ASN72
  691     21.0749    2.7360   32.5918   -0.1726    0.7523    0.6358   -0.7165      LYS239
  692     36.2132   -3.0313    9.7299    0.2085   -0.7373   -0.6425    3.2489      SER116
  693      7.9753    9.0843   29.7809   -0.1500   -0.3332    0.9309    0.0566      ASN179
  694     28.8962    6.9231   23.0521    0.8316   -0.5365    0.1434   26.4187      GLY203
  695     -0.2991    4.8960   25.4592   -0.8482    0.4765    0.2311   28.8586       SER93
  696     30.2660    9.1520   12.8978    0.0685    0.5390    0.8395   10.7956       THR26
  697     18.1338   30.7519    6.2448    0.5090    0.0823   -0.8568   13.0751      GLU186
  698      6.2071   31.5362   12.9808   -0.3336    0.8610    0.3839    0.7701      ASN223
  699     29.7650    1.9520   19.9470    0.9441    0.2382    0.2281    1.6812      SER120
  700     16.1649   -7.4075    0.3759   -0.6652   -0.5371   -0.5188   -3.8608       ARG66
  701      4.9610   -5.2786   19.4507   -0.5782   -0.8145   -0.0475    1.9688       VAL90
  702      2.4352   17.4156    7.3407   -0.6193   -0.4462   -0.6461   19.0853      GLY219
  703     20.9868    7.0728   33.8460   -0.2397   -0.7002    0.6725   -0.6395      THR125
  704     12.2660    6.7520    0.7446   -0.0907   -0.9250    0.3690    0.3667      TYR151
  705     -2.1272   22.3484   17.0544   -0.6642    0.0803   -0.7433    0.6275      PRO173
  706     15.6527  -11.0407   32.6296    0.3111   -0.5097    0.8021   -0.4734      SER244
  707     -3.2529   18.7242   17.0859   -0.9938    0.0033   -0.1115    1.2429      GLN175
  708     13.3258   10.5989   -5.6408    0.1738   -0.7375   -0.6527    6.2610      THR149
  709     32.4119   -3.1021   17.0460    0.3767    0.6010    0.7050    1.0647      LEU114
  710      0.2660   17.5520   13.6681   -0.0166   -0.0524   -0.9985    2.2592      GLN175
  711     27.6587    1.9817   24.0658    0.6446   -0.7606    0.0772    1.3168      SER122
  712      7.5397   10.1924   18.2109   -0.3063    0.3897    0.8685   -0.5159      SER214
  713     17.0643   11.5520    9.8460    0.8710   -0.3606    0.3337   -1.1500      SER190
  714     20.6603   -2.6808   -1.9657   -0.2508   -0.9594   -0.1293    0.5952       ILE73
  715      7.3823   11.6551   30.1719    0.4100   -0.3922    0.8234   -0.5995      SER178
  716     13.6512  -15.9954    8.7910   -0.5030   -0.0361   -0.8635    2.2507      LYS109
  717     30.2660    0.0261   18.9719    0.7578    0.0321    0.6517    0.6453      SER120
  718     17.9857   15.1520   23.3263   -0.8230   -0.3156    0.4722    3.2834      ILE162
  719     20.6660   21.1522   30.2493    0.0900    0.0871    0.9921    0.7432      SER130
  720     32.0973    5.5520   12.8773    0.9229    0.2364    0.3038    0.7918       PRO28
  721     13.4660   24.7520   26.4452    0.1065    0.0357    0.9937   -0.5304      SER164
  722     14.0686   16.3520   27.8460    0.5864    0.8100    0.0035    0.0435      LYS230
  723     11.5279   -7.6480   12.7079   -0.9969   -0.0696   -0.0360   -2.7912       ALA85
  724      6.2728   22.0526   27.5525    0.3958    0.4905    0.7764   -1.4697      LYS169
  725     20.6355   26.0726    7.3593    0.0206    0.7880   -0.6154   -0.2561      LYS188
  726      5.4759   28.3116    9.8317   -0.9220    0.1531   -0.3556    0.5372      ASN223
  727     18.2660   12.2296   -4.5540    0.9459   -0.3035   -0.1145    0.8582      SER150
  728      0.6867   18.7520    8.6460   -0.8114   -0.3468   -0.4705   -1.0657      SER217
  729     29.0537   -1.6757    3.0615    0.1086    0.7421   -0.6614   -0.2451       GLY69
  730     31.9657   -8.1477   11.0460    0.4733   -0.5504   -0.6878    1.8539      ASN115
  731     33.8660   -8.1246   13.9226    0.6737   -0.7104   -0.2036   -1.3860      LEU114
  732      2.8917   17.5351   12.2537   -0.9828   -0.0415   -0.1797    1.2272      SER217
  733     14.6527   25.8034   25.2030    0.5736    0.6638    0.4799    0.6897      SER164
  734     11.5468   14.6712   11.0460   -0.9666    0.0437    0.2526    2.4505      SER190
  735     21.1450  -16.7690   12.2460   -0.4882   -0.6916   -0.5323   -0.8397      SER110
  736     11.0523   29.0217    6.6432    0.1839    0.3007   -0.9358   -1.8390      GLU186
  737     19.2686   -4.0697   27.8403    0.9481    0.3110    0.0663    0.7637      LYS239
  738      0.0416    0.0950   21.2120   -0.3675   -0.8986   -0.2398    0.9665       TYR94
  739      8.6661   31.8488    6.3512   -0.0348    0.2105   -0.9770    3.3109      LYS222
  740      7.9357   -6.3644    4.6086   -0.8176   -0.5652    0.1095   -0.5144       SER37
  741     20.2185   10.3520   34.5985   -0.3261    0.1570    0.9322    0.6454      THR125
  742     18.4818    9.1523   33.6326   -0.8467   -0.1239    0.5175    1.7222      THR125
  743     22.3674   19.9826   29.4828    0.7259   -0.1549    0.6701   -0.4920      SER130
  744     17.5960   17.5520   -5.7540    0.3355    0.0646   -0.9398   -0.9653      LYS145
  745     11.1677  -14.7111   14.7149   -0.5228   -0.7549   -0.3960    2.2154       SER86
  746     28.2400    6.7554   29.4808    0.6058   -0.0897    0.7906   -3.9438      LYS204
  747     19.4660   20.8399    1.7581    0.0164    0.5810   -0.8137    0.2374       GLY18
  748     -2.1340   20.6545   23.5435   -0.0332    0.1193    0.9923    0.1808      GLY174
  749     13.6349   29.6184   13.5176    0.6397    0.6661    0.3835    3.0388      LEU185
  750      2.0695   21.7485   25.4460   -0.9725    0.1225    0.1980    6.4369      LYS169
  751     14.6039   -3.1058   -2.0881    0.6950    0.2941   -0.6561   -2.1339       GLY38
  752     24.8988    4.9390   28.9957    0.6124   -0.4406    0.6564   -1.8845      LEU123
  753     32.1814    3.8653   14.6421    0.8809    0.2276    0.4150   -4.7883       PRO28
  754     26.3633    8.8493   32.6460    0.9726    0.1731    0.1553   -0.4470      THR125
  755     29.8827   -6.8051   20.5750    0.2816   -0.6693    0.6876    6.0376      LEU114
  756     14.6660   -0.4480   34.5469    0.0509   -0.7725    0.6329    1.4708      SER236
  757      4.7565   -4.0788   23.9920   -0.5387   -0.8404    0.0597   -0.4247       VAL90
  758     12.3133   -7.6556   34.3097    0.3394   -0.7446    0.5748    0.4844      GLN240
  759     21.8491    4.9784   -7.6856   -0.0467   -0.0588   -0.9972    1.0301      ASP153
  760      2.6656   -3.4906   11.7451   -0.8480    0.3183   -0.4237   17.1164       TYR59
  761     15.3781   13.9688   31.9569   -0.3678    0.2425    0.8977   -1.3857      CYS128
  762      0.4649    3.1520   28.8471   -0.7705    0.2538    0.5847   -1.1571       SER93
  763     12.2114   19.9520   24.3006    0.4063   -0.3585   -0.8405    6.1952      ASP165
  764     23.1819   -4.0480    1.3301   -0.0849   -0.1178   -0.9894    1.0156       GLU70
  765     31.0055    3.0206   15.8063    0.5439    0.2435    0.8030   -0.8461       PRO28
  766     25.9812  -14.1632   18.2460    0.5348   -0.7981    0.2776   -1.6048      ALA111
  767      8.3414    1.9520    8.6460   -0.7856    0.4750   -0.3965    0.9391       CYS42
  768      8.6660    0.5040   29.9980   -0.4525    0.4981    0.7397   -0.2063      TRP237
  769     11.0660    2.6874   29.7814   -0.6906    0.4756    0.5448   -3.0484      TRP237
  770      1.3964   16.3410   25.7151   -0.7732    0.0893    0.6279    2.8071      ILE176
  771     20.4668   -4.0293   25.4335    0.8419    0.4737    0.2584    1.7782      ILE242
  772     16.8364   19.6620   -2.1938    0.2052    0.9126    0.3536   23.7721      LYS145
  773      9.1926   12.7520    1.4460   -0.8665   -0.1745    0.4678    1.0780      ASN143
  774     25.4660   -7.6480   22.3751    0.3359   -0.3855    0.8594    2.7717       SER49
  775     11.2054   30.8395    9.8530    0.5239    0.7221    0.4518   -0.4606      LYS222
  776      2.7865   23.4315   25.4460   -0.0217    0.9750   -0.2212    0.2006      LYS169
  777     28.3091   18.7839    4.7146    0.6982    0.6478   -0.3048    0.8529       TYR20
  778      7.2372   12.7520   -4.3252   -0.9817    0.1532   -0.1133    2.5637      THR149
  779     17.0660   -2.4861   21.8460   -0.6949   -0.6141   -0.3741    2.4938       ILE47
  780     33.8691   -0.9434    1.9625    0.3623    0.5591   -0.7458    0.6601       ASN79
  781      2.0026   -6.4480   11.5826   -0.7844   -0.0560   -0.6178   -0.0335       TYR59
  782     22.9251   19.9343   27.6546    0.9067   -0.2519    0.3384    7.5779      SER130
  783      0.2471   10.3977   23.0702   -0.6672    0.5319    0.5214    0.5508      ASN100
  784      6.6534   30.3545    7.4316   -0.8402    0.0909   -0.5347    1.5915      LYS222
  785     -3.6656   20.2445   18.2849   -0.9140   -0.0968   -0.3940   28.6175      PRO173
  786     27.8622    8.4113   -1.4197    0.7687    0.3130   -0.5578    5.4284      VAL154
  787      7.9580   29.0600   26.6460   -0.4450    0.8391    0.3128   -0.8708      SER166
  788      9.6494  -13.6480   15.8460   -0.8694   -0.4559   -0.1905    0.5759       SER86
  789     29.7226   17.4775    8.0916    0.8063    0.5872    0.0720   32.2380       TYR20
  790     10.8619   32.9434    9.8752    0.8670    0.3557    0.3491   -0.4010      LYS222
  791      3.4931   19.9520    6.6189   -0.4505    0.5250   -0.7221    1.2403      SER217
  792     14.7891  -14.7372   25.4598   -0.1481   -0.9742    0.1703    0.2300      ASN245
  793     11.0337   28.3030   21.8930    0.2986    0.9531    0.0488   -0.8763      SER167
  794     35.1272   -4.1053   15.9241    0.7007    0.0395    0.7124   -0.4170      ASN115
  795      8.6660   12.7520    7.7247    0.2276    0.3114    0.9226    1.5266      GLN192
  796     24.8247    3.7933    8.6460    0.6724   -0.3258   -0.6646    1.0922      LEU155
  797      1.7086   21.1804    8.6701   -0.5009    0.7934   -0.3458    0.5440      SER217
  798     21.8437   22.3118   29.0521    0.5264    0.6881    0.4994   -1.7892      SER130
  799     19.0566   11.5368   33.8400   -0.5816    0.1719    0.7951    0.5543      SER127
  800     20.6660   -3.2269   30.2460    0.8481   -0.5298    0.0105   -0.7267      LYS239
  801     23.0537   17.5449    1.3915   -0.1549   -0.1419   -0.9777    0.5283       GLY19
  802     20.1051   -9.4089   27.8460    0.9266   -0.3454   -0.1487   -1.1706      ALA243
  803     27.6433   10.3533   19.5273    0.5746    0.0143   -0.8183    0.8079      VAL200
  804      6.5772   31.9520    8.3348   -0.9289    0.0184   -0.3698    0.4405      LYS222
  805     -1.9046   15.4075   21.7966   -0.3303   -0.9330    0.1426    1.1072      GLY174
  806     23.0504  -14.3976   18.9964    0.5510   -0.8323    0.0598    1.0843       GLN50
  807     10.3831  -11.2480   23.0460   -0.9943   -0.0995    0.0392    0.8604      ASN245
  808     25.4700   18.7522   21.8504    0.9066   -0.0631    0.4173    2.3493      GLN135
  809      6.2662    1.9518    0.2459   -0.4599    0.8343   -0.3040    1.5588       TYR39
  810     24.0134    0.7520   31.4460    0.9900   -0.0657    0.1247   -2.6859      LYS239
  811      0.6563   11.5226   25.0983   -0.9076    0.0197    0.4195    1.2762      THR177
  812      0.4453   23.5520   12.2460   -0.9868    0.0933   -0.1320    0.6021      LYS224
  813     21.8568   24.8288   20.5849    0.0801    0.7626   -0.6419    0.2826      GLY133
  814     20.6660   23.1609    5.4371    0.4105    0.4467   -0.7950    1.0959      LYS188
  815      4.3632  -10.0480    7.4460   -0.4084   -0.0900   -0.9084    2.5727       SER61
  816     31.4660    0.2044    0.7936    0.7004    0.2854    0.6542   15.8387       GLU77
  817     -0.0817   -1.6480   26.9937   -0.7338   -0.2192    0.6430    0.4043       PRO92
  818     26.6886    4.6432   27.6171    0.1488   -0.6052    0.7820   -0.8617      LYS204
  819     27.9678  -10.8511   10.8626   -0.0859   -0.9794   -0.1828    3.6869       GLN81
  820     17.7544  -12.4539   27.1423    0.8179   -0.4588    0.3472   -0.7431      ASN245
  821      3.8812   13.9716    9.8365   -0.5783   -0.7128   -0.3969    2.3957      GLY216
  822      5.0604   15.1111   30.2121   -0.3155    0.6602    0.6816    0.9076      SER178
  823     30.0368   -7.4188   -2.1540    0.7293   -0.6810   -0.0656    0.3748       VAL76
  824     -3.2729   11.5276   18.2618   -0.6077    0.7505   -0.2597    4.5397       THR98
  825     26.1669   12.7490   -1.7323    0.4071    0.0412   -0.9124   -1.0895      LYS156
  826     28.9391    0.5644   -4.3182    0.6299    0.3245   -0.7056   -0.3254       VAL75
  827      6.2660    9.6450   19.4460    0.7448    0.6665    0.0333   -1.3417       LEU99
  828     14.6660  -17.7058    9.8460   -0.0735   -0.8510   -0.5200    1.7388      LYS109
  829     34.4670   -2.8480    0.2460    0.9577    0.2800    0.0663    1.7883       GLU77
  830     25.5482   -1.1989   23.6055    0.5083    0.3295    0.7956   -1.5386       ILE47
  831     -4.4586    3.5774   15.8420   -0.9153   -0.3589   -0.1827   -1.4848       SER96
  832     -5.4213    6.7520   20.6460   -0.9218    0.0770    0.3799   -3.9236       ASN95
  833     12.6357   27.1485    5.5843   -0.2906    0.2810   -0.9146    2.7368      GLU186
  834     13.0435   27.9865   24.2518    0.4459    0.8924    0.0690   -1.7624      SER164
  835      3.8660   18.0928   27.8460   -0.2938   -0.8765    0.3813   -1.0187      LYS169
  836     17.0660   20.7524    1.8456    0.1241    0.6180   -0.7764   -1.7275       VAL17
  837     32.2597   12.3637    6.2449    0.7758    0.6309   -0.0025   -1.3162       CYS22
  838     33.8660   -1.6480   16.4519    0.2206    0.4912    0.8427   -2.2388      ASN115
  839     -3.8626    5.5430   23.6276   -0.4664   -0.1158    0.8770   -0.8972       ASN95
  840     23.1084   23.3527   19.7343    0.3707    0.6182   -0.6931    0.4058      GLY133
  841     22.6632    7.9718   -5.3062    0.3145    0.7940   -0.5203    0.4000      ASP153
  842     30.2632    0.7334    3.7954   -0.1694   -0.2663   -0.9489   12.6611       ASN25
  843     31.2876   -1.7946   -3.2740    0.6000    0.1463   -0.7865    1.2493       GLU77
  844      9.3975  -11.2730   10.2965    0.1958   -0.6296    0.7519   -0.7298       GLY62
  845      2.6590    4.5368   13.1283   -0.8773    0.1807   -0.4446   -0.6625       HIS57
  846     27.0608   -2.8507   -6.2034    0.2124   -0.6253   -0.7509   -0.3469       VAL75
  847     18.2660    1.9520   -6.3171   -0.7901    0.0889   -0.6065   -0.3329       ASN74
  848      2.8772   -2.8480   13.6572   -0.8848    0.4471    0.1315    0.3913       TYR59
  849     17.7577    3.1520   -4.5540   -0.7808    0.6248   -0.0048   -0.7341       ASN74
  850      5.7083   10.9097   30.2460   -0.0388   -0.7594    0.6495    0.8711      SER178
  851      8.6660   -8.0746    5.4726   -0.2745    0.2613   -0.9254    0.5439       SER61
  852     21.3080   -3.4707   -5.7706   -0.5129   -0.8509   -0.1139   -0.2914       ASN74
  853     24.2621  -16.4379   13.4460    0.8678   -0.4918   -0.0713    0.9990      SER110
  854      2.6660   13.5204   27.4144   -0.6697   -0.1105    0.7344   -1.4567      SER178
  855     27.8477   11.5431   14.6388    0.7824   -0.1963    0.5911   10.7478      LEU137
  856      5.0660   28.3520   22.3836    0.0506    0.7940    0.6057   22.5701      SER170
  857     29.9186   12.7520   25.0986    0.8326    0.0288    0.5532    0.7619      SER202
  858     28.1588   -8.9360   20.8025    0.8029   -0.1495    0.5770   24.4981       SER49
  859      2.6660   -3.4024   24.2460   -0.5083   -0.6381   -0.5783    0.2396       PRO92
  860      7.8196   13.9305   -1.3795   -0.8819   -0.1552    0.4452    1.0007      GLY148
  861      3.9516   -4.0433   27.2597   -0.0954   -0.9726    0.2122    3.8563       PRO92
  862     14.9692    5.6614   31.3118   -0.0301    0.0577    0.9979   -0.0860      CYS232
  863     29.0210   15.0386   23.0331    0.7930    0.5847   -0.1713   -1.4962      SER202
  864     -1.6962   18.7520   13.8838   -0.5495    0.0809   -0.8316   -1.2510      GLN175
  865     22.5007   14.5867   30.2460    0.7080    0.6232   -0.3321    4.4424      SER127
  866     11.1270   10.3154    8.6247   -0.7749    0.3460    0.5289   -1.2830      CYS191
  867      8.6606   25.9730   15.8823   -0.8144    0.0715    0.5759   -1.9469      LEU185
  868     14.6941   -4.0554   33.8894    0.4530    0.1517    0.8785    2.1586      GLN240
  869     13.4660    3.6772    0.9208   -0.0732    0.6671   -0.7414   -0.3102       HIS40
  870     23.9793   22.6387   17.0460   -0.2141    0.9320   -0.2924   -1.9842      GLN135
  871     20.6026    4.5302   31.2107    0.5773   -0.2311    0.7832   17.1937      VAL235
  872     25.3860    4.3534    6.1297    0.7128    0.0369    0.7004    1.7219       GLU70
  873     31.4689    9.5829    2.6468    0.3545    0.3023   -0.8848    0.1982       GLY23
  874     16.3616    6.7713   -3.9873   -0.0908   -0.8470   -0.5238   -0.2403      TYR151
  875     11.1472   -8.4804   32.9002   -0.2008   -0.9691    0.1435    0.3867      GLN240
  876     -0.9340   20.9123   14.8857   -0.1062    0.6950   -0.7111    1.1155      GLN175
  877      9.8660   19.1095   23.4035    0.1036   -0.6972   -0.7094    0.3556      ASP165
  878     24.0819   24.5679   21.8460    0.8393    0.5404   -0.0588   -0.4763      GLY133
  879     14.6660    3.1520   35.7193   -0.0355    0.6060    0.7947    0.5279      SER236
  880      4.3282   -9.5858   14.6460   -0.1166   -0.8418    0.5271   -1.8936       TYR59
  881     26.3297    3.1520    7.1097    0.1141    0.4070    0.9063   -0.9510       GLU70
  882     22.6706   11.5520   27.8460    0.9722    0.1875    0.1402   -2.1299      GLN210
  883     19.4670   -4.2921   -0.9490    0.0956    0.2678   -0.9587    1.8415       ARG66
  884      7.4660    9.6145   10.5835   -0.2927    0.1177   -0.9490    0.6634      SER214
  885      9.8660  -11.9809    6.7131   -0.0049   -0.7855   -0.6188    1.0062       GLY62
  886     31.2777   18.7443   11.2034    0.8723    0.0996   -0.4788   -0.8447      LYS159
  887     25.4041    6.6276   -3.2967    0.5093    0.5161   -0.6886    1.2710      VAL154
  888     19.4660   -8.8480    0.7901   -0.4345   -0.7392   -0.5146    0.5888       PHE82
  889      8.6450   29.7393    6.1703   -0.1155    0.0840   -0.9898   -1.7325      LYS222
  890     33.1485   -7.6480    3.1285    0.6667   -0.7361    0.1168   -2.0103       GLY78
  891      2.6660    4.0312   29.0460    0.0486    0.8292    0.5568   -1.5578       SER93
  892     12.0290    5.5523    3.7769   -0.3418   -0.3647   -0.8661    0.3018      GLY193
  893     17.0263   25.8106    6.1507    0.6621    0.7170   -0.2181    0.5123      GLY187
  894     24.2660  -10.6080   21.2060    0.3946   -0.3660    0.8428    8.6215       SER49
  895     14.6660   19.6705   -4.2725   -0.1972    0.8804   -0.4314   -0.2291      LYS145
  896     18.3046   17.5643   29.9125   -0.2631    0.4049    0.8757    0.8883      CYS128
  897     22.4892   21.7288    7.4460    0.9467   -0.1620    0.2786    1.5544      LYS188
  898     11.0660   12.7520   13.1066    0.0666    0.3977   -0.9151   -0.6865      VAL213
  899     26.5724   -0.4909    1.4123    0.6891    0.7101    0.1447    0.3822       GLU70
  900     26.3371   20.7065   20.6812    0.8157    0.2503    0.5216   -1.2233      GLN135
  901     24.2660  -13.1205   19.4460    0.5564   -0.5356    0.6353   -0.2148      ALA111
  902      0.6247   -0.0893   18.2460   -0.6755   -0.7359   -0.0466    2.4939       TYR94
  903     11.0630    0.5079   -2.0713    0.0536    0.5641   -0.8239   22.5961       TYR39
  904     21.8660   14.7875   33.4815    0.1223    0.7721    0.6236   -1.7425      SER127
  905     28.3210    0.2926    8.6462   -0.4587    0.8487    0.2633   -0.5879       GLY69
  906     11.2622  -10.0039   28.7950   -0.7605    0.1312    0.6359    0.6594      ASN245
  907      8.5906   -8.8741   22.9712   -0.6994   -0.6960    0.1624    0.9199       ILE89
